計測日,計測時間,全体,空調,照明,動力,電灯,冷凍・冷熱,その他
2013/06/01,01,20,,,13,4,,
2013/06/01,02,20,,,13,4,,
2013/06/01,03,20,,,13,4,,
2013/06/01,04,20,,,13,3,,
2013/06/01,05,30,,,17,3,,
2013/06/01,06,43,,,27,3,,
2013/06/01,07,38,,,34,3,,
2013/06/01,08,45,,,28,3,,
2013/06/01,09,116,,,45,9,,
2013/06/01,10,163,,,116,14,,
2013/06/01,11,152,,,118,14,,
2013/06/01,12,147,,,114,14,,
2013/06/01,13,90,,,78,10,,
2013/06/01,14,133,,,87,11,,
2013/06/01,15,134,,,100,12,,
2013/06/01,16,118,,,86,12,,
2013/06/01,17,123,,,91,12,,
2013/06/01,18,90,,,87,13,,
2013/06/01,19,62,,,47,7,,
2013/06/01,20,52,,,40,7,,
2013/06/01,21,29,,,27,7,,
2013/06/01,22,23,,,14,4,,
2013/06/01,23,21,,,13,4,,
2013/06/01,24,20,,,13,5,,
2013/06/02,01,21,,,13,5,,
2013/06/02,02,20,,,13,4,,
2013/06/02,03,20,,,13,4,,
2013/06/02,04,20,,,12,4,,
2013/06/02,05,20,,,12,4,,
2013/06/02,06,20,,,12,4,,
2013/06/02,07,15,,,12,4,,
2013/06/02,08,8,,,3,2,,
2013/06/02,09,9,,,3,2,,
2013/06/02,10,8,,,3,2,,
2013/06/02,11,8,,,3,2,,
2013/06/02,12,9,,,3,2,,
2013/06/02,13,9,,,3,2,,
2013/06/02,14,9,,,3,2,,
2013/06/02,15,9,,,3,2,,
2013/06/02,16,9,,,3,2,,
2013/06/02,17,9,,,3,2,,
2013/06/02,18,9,,,3,2,,
2013/06/02,19,9,,,3,2,,
2013/06/02,20,9,,,3,2,,
2013/06/02,21,9,,,3,2,,
2013/06/02,22,9,,,3,2,,
2013/06/02,23,9,,,3,2,,
2013/06/02,24,8,,,3,2,,
2013/06/03,01,8,,,3,2,,
2013/06/03,02,8,,,3,2,,
2013/06/03,03,8,,,3,2,,
2013/06/03,04,11,,,3,2,,
2013/06/03,05,22,,,10,2,,
2013/06/03,06,45,,,22,2,,
2013/06/03,07,39,,,38,2,,
2013/06/03,08,42,,,27,2,,
2013/06/03,09,89,,,38,9,,
2013/06/03,10,117,,,81,14,,
2013/06/03,11,133,,,95,14,,
2013/06/03,12,133,,,99,14,,
2013/06/03,13,93,,,76,10,,
2013/06/03,14,167,,,98,13,,
2013/06/03,15,181,,,135,15,,
2013/06/03,16,169,,,128,15,,
2013/06/03,17,166,,,126,15,,
2013/06/03,18,148,,,126,15,,
2013/06/03,19,126,,,95,14,,
2013/06/03,20,72,,,80,13,,
2013/06/03,21,19,,,19,7,,
2013/06/03,22,14,,,7,3,,
2013/06/03,23,12,,,5,2,,
2013/06/03,24,11,,,5,3,,
2013/06/04,01,10,,,5,3,,
2013/06/04,02,10,,,4,3,,
2013/06/04,03,10,,,4,2,,
2013/06/04,04,12,,,4,2,,
2013/06/04,05,23,,,10,2,,
2013/06/04,06,37,,,21,2,,
2013/06/04,07,31,,,27,2,,
2013/06/04,08,35,,,22,2,,
2013/06/04,09,99,,,37,10,,
2013/06/04,10,149,,,99,15,,
2013/06/04,11,167,,,118,15,,
2013/06/04,12,162,,,128,15,,
2013/06/04,13,112,,,94,11,,
2013/06/04,14,179,,,112,13,,
2013/06/04,15,184,,,142,15,,
2013/06/04,16,175,,,130,15,,
2013/06/04,17,181,,,139,15,,
2013/06/04,18,137,,,130,15,,
2013/06/04,19,90,,,67,12,,
2013/06/04,20,74,,,59,11,,
2013/06/04,21,38,,,36,7,,
2013/06/04,22,15,,,14,3,,
2013/06/04,23,13,,,6,3,,
2013/06/04,24,13,,,7,3,,
2013/06/05,01,12,,,6,3,,
2013/06/05,02,12,,,6,3,,
2013/06/05,03,11,,,6,3,,
2013/06/05,04,13,,,5,2,,
2013/06/05,05,24,,,11,2,,
2013/06/05,06,37,,,23,2,,
2013/06/05,07,32,,,27,2,,
2013/06/05,08,46,,,27,2,,
2013/06/05,09,124,,,44,8,,
2013/06/05,10,198,,,139,15,,
2013/06/05,11,205,,,148,16,,
2013/06/05,12,188,,,158,15,,
2013/06/05,13,128,,,106,11,,
2013/06/05,14,199,,,132,13,,
2013/06/05,15,196,,,149,14,,
2013/06/05,16,180,,,138,14,,
2013/06/05,17,183,,,140,14,,
2013/06/05,18,133,,,133,14,,
2013/06/05,19,86,,,63,12,,
2013/06/05,20,64,,,57,12,,
2013/06/05,21,24,,,21,7,,
2013/06/05,22,22,,,13,3,,
2013/06/05,23,21,,,13,3,,
2013/06/05,24,19,,,13,4,,
2013/06/06,01,19,,,13,3,,
2013/06/06,02,18,,,12,3,,
2013/06/06,03,18,,,12,3,,
2013/06/06,04,20,,,9,3,,
2013/06/06,05,31,,,16,2,,
2013/06/06,06,46,,,27,2,,
2013/06/06,07,41,,,34,2,,
2013/06/06,08,45,,,30,3,,
2013/06/06,09,121,,,45,8,,
2013/06/06,10,166,,,121,15,,
2013/06/06,11,158,,,122,15,,
2013/06/06,12,159,,,120,14,,
2013/06/06,13,119,,,98,11,,
2013/06/06,14,179,,,116,13,,
2013/06/06,15,197,,,144,15,,
2013/06/06,16,178,,,137,14,,
2013/06/06,17,179,,,136,14,,
2013/06/06,18,130,,,135,15,,
2013/06/06,19,83,,,59,12,,
2013/06/06,20,56,,,54,11,,
2013/06/06,21,14,,,11,7,,
2013/06/06,22,12,,,5,3,,
2013/06/06,23,11,,,4,3,,
2013/06/06,24,10,,,4,3,,
2013/06/07,01,9,,,3,3,,
2013/06/07,02,9,,,3,3,,
2013/06/07,03,9,,,3,3,,
2013/06/07,04,11,,,3,3,,
2013/06/07,05,21,,,9,3,,
2013/06/07,06,36,,,19,2,,
2013/06/07,07,32,,,27,2,,
2013/06/07,08,38,,,24,3,,
2013/06/07,09,114,,,38,8,,
2013/06/07,10,159,,,113,15,,
2013/06/07,11,169,,,123,15,,
2013/06/07,12,151,,,128,15,,
2013/06/07,13,95,,,78,11,,
2013/06/07,14,157,,,98,13,,
2013/06/07,15,168,,,122,15,,
2013/06/07,16,160,,,114,15,,
2013/06/07,17,150,,,127,15,,
2013/06/07,18,76,,,86,15,,
2013/06/07,19,25,,,17,10,,
2013/06/07,20,18,,,10,5,,
2013/06/07,21,17,,,8,3,,
2013/06/07,22,14,,,7,3,,
2013/06/07,23,14,,,6,3,,
2013/06/07,24,14,,,8,3,,
2013/06/08,01,14,,,8,3,,
2013/06/08,02,13,,,7,3,,
2013/06/08,03,13,,,7,3,,
2013/06/08,04,13,,,6,2,,
2013/06/08,05,23,,,10,2,,
2013/06/08,06,23,,,15,2,,
2013/06/08,07,19,,,13,2,,
2013/06/08,08,21,,,11,2,,
2013/06/08,09,17,,,11,3,,
2013/06/08,10,14,,,7,3,,
2013/06/08,11,13,,,6,3,,
2013/06/08,12,14,,,6,3,,
2013/06/08,13,13,,,5,3,,
2013/06/08,14,17,,,8,3,,
2013/06/08,15,17,,,9,3,,
2013/06/08,16,12,,,7,3,,
2013/06/08,17,12,,,4,3,,
2013/06/08,18,10,,,4,3,,
2013/06/08,19,9,,,3,3,,
2013/06/08,20,10,,,3,3,,
2013/06/08,21,10,,,3,3,,
2013/06/08,22,9,,,3,3,,
2013/06/08,23,9,,,3,3,,
2013/06/08,24,9,,,3,3,,
2013/06/09,01,9,,,3,3,,
2013/06/09,02,9,,,3,3,,
2013/06/09,03,9,,,3,3,,
2013/06/09,04,9,,,3,2,,
2013/06/09,05,9,,,3,2,,
2013/06/09,06,8,,,3,2,,
2013/06/09,07,8,,,3,2,,
2013/06/09,08,9,,,3,2,,
2013/06/09,09,9,,,3,2,,
2013/06/09,10,9,,,3,2,,
2013/06/09,11,9,,,3,2,,
2013/06/09,12,9,,,3,2,,
2013/06/09,13,9,,,3,2,,
2013/06/09,14,9,,,3,2,,
2013/06/09,15,9,,,2,2,,
2013/06/09,16,9,,,2,2,,
2013/06/09,17,9,,,3,2,,
2013/06/09,18,9,,,3,3,,
2013/06/09,19,9,,,3,3,,
2013/06/09,20,9,,,3,3,,
2013/06/09,21,9,,,3,3,,
2013/06/09,22,9,,,3,2,,
2013/06/09,23,9,,,3,2,,
2013/06/09,24,9,,,3,3,,
2013/06/10,01,9,,,3,3,,
2013/06/10,02,9,,,3,3,,
2013/06/10,03,9,,,3,3,,
2013/06/10,04,11,,,3,2,,
2013/06/10,05,22,,,9,2,,
2013/06/10,06,45,,,22,2,,
2013/06/10,07,41,,,37,2,,
2013/06/10,08,51,,,30,3,,
2013/06/10,09,144,,,56,9,,
2013/06/10,10,184,,,138,14,,
2013/06/10,11,206,,,149,15,,
2013/06/10,12,198,,,163,15,,
2013/06/10,13,130,,,110,13,,
2013/06/10,14,201,,,133,13,,
2013/06/10,15,206,,,152,15,,
2013/06/10,16,196,,,147,15,,
2013/06/10,17,208,,,158,16,,
2013/06/10,18,170,,,155,16,,
2013/06/10,19,138,,,101,13,,
2013/06/10,20,98,,,99,12,,
2013/06/10,21,64,,,49,8,,
2013/06/10,22,32,,,34,6,,
2013/06/10,23,12,,,8,3,,
2013/06/10,24,11,,,5,3,,
2013/06/11,01,10,,,5,3,,
2013/06/11,02,9,,,3,3,,
2013/06/11,03,9,,,3,3,,
2013/06/11,04,11,,,3,2,,
2013/06/11,05,22,,,9,2,,
2013/06/11,06,37,,,21,2,,
2013/06/11,07,35,,,28,2,,
2013/06/11,08,46,,,31,3,,
2013/06/11,09,132,,,45,9,,
2013/06/11,10,194,,,141,15,,
2013/06/11,11,201,,,150,16,,
2013/06/11,12,181,,,149,16,,
2013/06/11,13,113,,,95,12,,
2013/06/11,14,188,,,122,13,,
2013/06/11,15,198,,,147,16,,
2013/06/11,16,189,,,137,16,,
2013/06/11,17,196,,,153,16,,
2013/06/11,18,165,,,141,16,,
2013/06/11,19,132,,,98,15,,
2013/06/11,20,79,,,94,14,,
2013/06/11,21,14,,,10,7,,
2013/06/11,22,12,,,5,3,,
2013/06/11,23,11,,,4,3,,
2013/06/11,24,10,,,4,3,,
2013/06/12,01,10,,,4,3,,
2013/06/12,02,10,,,3,3,,
2013/06/12,03,9,,,3,3,,
2013/06/12,04,11,,,3,3,,
2013/06/12,05,23,,,9,3,,
2013/06/12,06,37,,,21,3,,
2013/06/12,07,30,,,27,3,,
2013/06/12,08,39,,,23,3,,
2013/06/12,09,104,,,34,9,,
2013/06/12,10,164,,,111,15,,
2013/06/12,11,176,,,132,15,,
2013/06/12,12,166,,,135,15,,
2013/06/12,13,101,,,85,10,,
2013/06/12,14,169,,,107,13,,
2013/06/12,15,166,,,131,15,,
2013/06/12,16,163,,,116,15,,
2013/06/12,17,162,,,128,16,,
2013/06/12,18,141,,,110,15,,
2013/06/12,19,129,,,95,13,,
2013/06/12,20,98,,,93,12,,
2013/06/12,21,15,,,24,6,,
2013/06/12,22,13,,,5,4,,
2013/06/12,23,12,,,4,3,,
2013/06/12,24,10,,,4,4,,
2013/06/13,01,9,,,3,3,,
2013/06/13,02,9,,,3,3,,
2013/06/13,03,10,,,3,3,,
2013/06/13,04,11,,,3,3,,
2013/06/13,05,22,,,10,2,,
2013/06/13,06,33,,,16,2,,
2013/06/13,07,32,,,26,2,,
2013/06/13,08,32,,,21,3,,
2013/06/13,09,100,,,31,8,,
2013/06/13,10,144,,,105,13,,
2013/06/13,11,149,,,110,13,,
2013/06/13,12,147,,,119,13,,
2013/06/13,13,99,,,81,9,,
2013/06/13,14,153,,,100,11,,
2013/06/13,15,155,,,119,12,,
2013/06/13,16,140,,,100,13,,
2013/06/13,17,153,,,114,13,,
2013/06/13,18,126,,,114,14,,
2013/06/13,19,96,,,73,9,,
2013/06/13,20,48,,,63,8,,
2013/06/13,21,15,,,7,4,,
2013/06/13,22,13,,,6,3,,
2013/06/13,23,12,,,4,3,,
2013/06/13,24,11,,,5,4,,
2013/06/14,01,11,,,5,3,,
2013/06/14,02,11,,,5,3,,
2013/06/14,03,11,,,5,3,,
2013/06/14,04,13,,,4,2,,
2013/06/14,05,24,,,11,2,,
2013/06/14,06,37,,,22,2,,
2013/06/14,07,30,,,26,2,,
2013/06/14,08,37,,,23,3,,
2013/06/14,09,120,,,44,8,,
2013/06/14,10,181,,,125,15,,
2013/06/14,11,197,,,146,16,,
2013/06/14,12,175,,,144,15,,
2013/06/14,13,111,,,94,12,,
2013/06/14,14,206,,,124,14,,
2013/06/14,15,202,,,157,16,,
2013/06/14,16,172,,,136,16,,
2013/06/14,17,163,,,128,16,,
2013/06/14,18,103,,,104,16,,
2013/06/14,19,67,,,49,7,,
2013/06/14,20,54,,,48,7,,
2013/06/14,21,27,,,25,6,,
2013/06/14,22,14,,,7,3,,
2013/06/14,23,12,,,5,3,,
2013/06/14,24,11,,,5,3,,
2013/06/15,01,11,,,5,3,,
2013/06/15,02,11,,,5,3,,
2013/06/15,03,11,,,5,3,,
2013/06/15,04,10,,,4,3,,
2013/06/15,05,21,,,8,2,,
2013/06/15,06,24,,,14,2,,
2013/06/15,07,23,,,16,2,,
2013/06/15,08,27,,,13,2,,
2013/06/15,09,91,,,31,9,,
2013/06/15,10,127,,,85,13,,
2013/06/15,11,125,,,86,13,,
2013/06/15,12,115,,,90,13,,
2013/06/15,13,78,,,62,10,,
2013/06/15,14,130,,,73,10,,
2013/06/15,15,133,,,99,11,,
2013/06/15,16,132,,,99,11,,
2013/06/15,17,123,,,97,11,,
2013/06/15,18,60,,,78,11,,
2013/06/15,19,13,,,7,4,,
2013/06/15,20,12,,,5,3,,
2013/06/15,21,9,,,3,3,,
2013/06/15,22,9,,,3,3,,
2013/06/15,23,9,,,3,2,,
2013/06/15,24,8,,,3,3,,
2013/06/16,01,9,,,3,3,,
2013/06/16,02,9,,,3,3,,
2013/06/16,03,9,,,3,3,,
2013/06/16,04,9,,,3,2,,
2013/06/16,05,8,,,3,2,,
2013/06/16,06,9,,,3,2,,
2013/06/16,07,8,,,3,2,,
2013/06/16,08,8,,,3,2,,
2013/06/16,09,9,,,3,2,,
2013/06/16,10,8,,,3,2,,
2013/06/16,11,8,,,3,2,,
2013/06/16,12,8,,,2,2,,
2013/06/16,13,8,,,3,2,,
2013/06/16,14,8,,,3,2,,
2013/06/16,15,8,,,3,2,,
2013/06/16,16,8,,,3,2,,
2013/06/16,17,9,,,2,2,,
2013/06/16,18,9,,,3,2,,
2013/06/16,19,9,,,3,2,,
2013/06/16,20,9,,,3,2,,
2013/06/16,21,9,,,3,2,,
2013/06/16,22,9,,,3,2,,
2013/06/16,23,8,,,3,2,,
2013/06/16,24,9,,,3,2,,
2013/06/17,01,9,,,3,2,,
2013/06/17,02,9,,,3,3,,
2013/06/17,03,8,,,3,2,,
2013/06/17,04,10,,,3,2,,
2013/06/17,05,21,,,9,2,,
2013/06/17,06,35,,,19,2,,
2013/06/17,07,29,,,27,2,,
2013/06/17,08,40,,,19,2,,
2013/06/17,09,128,,,49,10,,
2013/06/17,10,182,,,130,14,,
2013/06/17,11,202,,,145,15,,
2013/06/17,12,184,,,158,14,,
2013/06/17,13,127,,,106,11,,
2013/06/17,14,190,,,125,13,,
2013/06/17,15,197,,,144,15,,
2013/06/17,16,189,,,143,14,,
2013/06/17,17,193,,,149,14,,
2013/06/17,18,119,,,139,14,,
2013/06/17,19,29,,,35,8,,
2013/06/17,20,13,,,8,4,,
2013/06/17,21,12,,,5,3,,
2013/06/17,22,11,,,4,3,,
2013/06/17,23,11,,,4,3,,
2013/06/17,24,11,,,5,3,,
2013/06/18,01,9,,,4,3,,
2013/06/18,02,9,,,3,3,,
2013/06/18,03,9,,,3,3,,
2013/06/18,04,11,,,3,3,,
2013/06/18,05,21,,,9,3,,
2013/06/18,06,36,,,19,2,,
2013/06/18,07,29,,,28,3,,
2013/06/18,08,42,,,18,3,,
2013/06/18,09,133,,,53,9,,
2013/06/18,10,182,,,132,14,,
2013/06/18,11,215,,,154,15,,
2013/06/18,12,204,,,164,15,,
2013/06/18,13,139,,,115,13,,
2013/06/18,14,196,,,137,13,,
2013/06/18,15,177,,,142,14,,
2013/06/18,16,163,,,125,13,,
2013/06/18,17,163,,,121,14,,
2013/06/18,18,88,,,124,14,,
2013/06/18,19,14,,,8,5,,
2013/06/18,20,13,,,5,3,,
2013/06/18,21,11,,,4,3,,
2013/06/18,22,10,,,3,3,,
2013/06/18,23,9,,,3,3,,
2013/06/18,24,9,,,3,3,,
2013/06/19,01,9,,,3,3,,
2013/06/19,02,9,,,3,3,,
2013/06/19,03,9,,,3,3,,
2013/06/19,04,11,,,3,3,,
2013/06/19,05,21,,,9,3,,
2013/06/19,06,35,,,18,3,,
2013/06/19,07,28,,,27,3,,
2013/06/19,08,45,,,18,3,,
2013/06/19,09,154,,,61,10,,
2013/06/19,10,191,,,145,14,,
2013/06/19,11,201,,,153,15,,
2013/06/19,12,175,,,145,15,,
2013/06/19,13,125,,,104,12,,
2013/06/19,14,188,,,121,13,,
2013/06/19,15,203,,,152,15,,
2013/06/19,16,190,,,144,14,,
2013/06/19,17,194,,,151,15,,
2013/06/19,18,115,,,146,15,,
2013/06/19,19,30,,,20,7,,
2013/06/19,20,23,,,18,5,,
2013/06/19,21,13,,,6,4,,
2013/06/19,22,12,,,4,4,,
2013/06/19,23,11,,,3,3,,
2013/06/19,24,10,,,4,4,,
2013/06/20,01,10,,,4,3,,
2013/06/20,02,10,,,4,3,,
2013/06/20,03,10,,,4,3,,
2013/06/20,04,12,,,3,3,,
2013/06/20,05,22,,,10,3,,
2013/06/20,06,43,,,20,3,,
2013/06/20,07,36,,,35,3,,
2013/06/20,08,39,,,26,3,,
2013/06/20,09,140,,,53,9,,
2013/06/20,10,179,,,136,14,,
2013/06/20,11,183,,,136,15,,
2013/06/20,12,174,,,138,15,,
2013/06/20,13,116,,,99,12,,
2013/06/20,14,177,,,113,13,,
2013/06/20,15,192,,,141,15,,
2013/06/20,16,183,,,134,15,,
2013/06/20,17,190,,,147,15,,
2013/06/20,18,109,,,135,16,,
2013/06/20,19,36,,,27,6,,
2013/06/20,20,21,,,22,4,,
2013/06/20,21,12,,,4,3,,
2013/06/20,22,11,,,4,3,,
2013/06/20,23,11,,,3,3,,
2013/06/20,24,10,,,3,4,,
2013/06/21,01,9,,,3,3,,
2013/06/21,02,9,,,3,3,,
2013/06/21,03,9,,,3,3,,
2013/06/21,04,11,,,3,2,,
2013/06/21,05,21,,,9,2,,
2013/06/21,06,35,,,19,2,,
2013/06/21,07,28,,,27,3,,
2013/06/21,08,38,,,19,3,,
2013/06/21,09,116,,,39,9,,
2013/06/21,10,181,,,125,15,,
2013/06/21,11,155,,,127,16,,
2013/06/21,12,153,,,113,15,,
2013/06/21,13,95,,,85,12,,
2013/06/21,14,155,,,93,14,,
2013/06/21,15,172,,,123,16,,
2013/06/21,16,164,,,122,16,,
2013/06/21,17,136,,,124,16,,
2013/06/21,18,58,,,65,16,,
2013/06/21,19,22,,,14,6,,
2013/06/21,20,15,,,10,4,,
2013/06/21,21,11,,,4,3,,
2013/06/21,22,11,,,4,3,,
2013/06/21,23,10,,,4,3,,
2013/06/21,24,10,,,4,3,,
2013/06/22,01,9,,,3,3,,
2013/06/22,02,9,,,3,3,,
2013/06/22,03,9,,,3,3,,
2013/06/22,04,9,,,3,3,,
2013/06/22,05,9,,,3,3,,
2013/06/22,06,9,,,3,2,,
2013/06/22,07,9,,,3,2,,
2013/06/22,08,10,,,3,3,,
2013/06/22,09,18,,,6,3,,
2013/06/22,10,25,,,12,4,,
2013/06/22,11,31,,,14,4,,
2013/06/22,12,30,,,21,4,,
2013/06/22,13,27,,,17,3,,
2013/06/22,14,35,,,20,3,,
2013/06/22,15,32,,,23,4,,
2013/06/22,16,18,,,14,3,,
2013/06/22,17,10,,,6,3,,
2013/06/22,18,9,,,3,3,,
2013/06/22,19,9,,,3,3,,
2013/06/22,20,9,,,3,3,,
2013/06/22,21,9,,,3,3,,
2013/06/22,22,9,,,3,3,,
2013/06/22,23,9,,,3,3,,
2013/06/22,24,9,,,3,3,,
2013/06/23,01,9,,,3,3,,
2013/06/23,02,9,,,3,3,,
2013/06/23,03,9,,,3,3,,
2013/06/23,04,9,,,3,2,,
2013/06/23,05,9,,,3,2,,
2013/06/23,06,9,,,3,2,,
2013/06/23,07,9,,,3,2,,
2013/06/23,08,9,,,3,2,,
2013/06/23,09,9,,,3,3,,
2013/06/23,10,9,,,3,2,,
2013/06/23,11,9,,,3,2,,
2013/06/23,12,9,,,3,3,,
2013/06/23,13,9,,,3,3,,
2013/06/23,14,9,,,2,2,,
2013/06/23,15,9,,,2,3,,
2013/06/23,16,9,,,3,3,,
2013/06/23,17,9,,,3,3,,
2013/06/23,18,9,,,3,3,,
2013/06/23,19,9,,,3,3,,
2013/06/23,20,9,,,3,3,,
2013/06/23,21,9,,,3,3,,
2013/06/23,22,9,,,3,3,,
2013/06/23,23,9,,,3,3,,
2013/06/23,24,9,,,3,3,,
2013/06/24,01,9,,,3,3,,
2013/06/24,02,9,,,3,3,,
2013/06/24,03,9,,,3,3,,
2013/06/24,04,11,,,3,2,,
2013/06/24,05,22,,,9,2,,
2013/06/24,06,38,,,21,2,,
2013/06/24,07,34,,,28,2,,
2013/06/24,08,39,,,24,3,,
2013/06/24,09,127,,,46,9,,
2013/06/24,10,198,,,140,15,,
2013/06/24,11,201,,,153,15,,
2013/06/24,12,194,,,154,15,,
2013/06/24,13,123,,,109,11,,
2013/06/24,14,200,,,128,13,,
2013/06/24,15,194,,,152,14,,
2013/06/24,16,198,,,139,15,,
2013/06/24,17,204,,,157,15,,
2013/06/24,18,139,,,147,15,,
2013/06/24,19,42,,,47,9,,
2013/06/24,20,21,,,18,6,,
2013/06/24,21,13,,,5,4,,
2013/06/24,22,12,,,4,4,,
2013/06/24,23,11,,,4,3,,
2013/06/24,24,10,,,5,3,,
2013/06/25,01,9,,,4,3,,
2013/06/25,02,9,,,3,3,,
2013/06/25,03,9,,,3,3,,
2013/06/25,04,11,,,2,2,,
2013/06/25,05,22,,,9,2,,
2013/06/25,06,37,,,20,2,,
2013/06/25,07,34,,,27,2,,
2013/06/25,08,50,,,28,3,,
2013/06/25,09,124,,,51,9,,
2013/06/25,10,175,,,122,14,,
2013/06/25,11,196,,,143,14,,
2013/06/25,12,184,,,150,14,,
2013/06/25,13,121,,,107,11,,
2013/06/25,14,187,,,121,13,,
2013/06/25,15,173,,,137,16,,
2013/06/25,16,168,,,121,15,,
2013/06/25,17,164,,,129,15,,
2013/06/25,18,105,,,117,14,,
2013/06/25,19,51,,,37,8,,
2013/06/25,20,35,,,35,6,,
2013/06/25,21,11,,,7,4,,
2013/06/25,22,11,,,3,3,,
2013/06/25,23,11,,,3,3,,
2013/06/25,24,10,,,4,4,,
2013/06/26,01,9,,,3,3,,
2013/06/26,02,9,,,3,3,,
2013/06/26,03,9,,,3,3,,
2013/06/26,04,11,,,3,3,,
2013/06/26,05,22,,,9,3,,
2013/06/26,06,37,,,21,2,,
2013/06/26,07,33,,,28,3,,
2013/06/26,08,46,,,28,3,,
2013/06/26,09,129,,,52,9,,
2013/06/26,10,176,,,123,15,,
2013/06/26,11,180,,,135,15,,
2013/06/26,12,176,,,138,15,,
2013/06/26,13,118,,,104,12,,
2013/06/26,14,174,,,110,13,,
2013/06/26,15,172,,,134,15,,
2013/06/26,16,172,,,124,15,,
2013/06/26,17,178,,,137,15,,
2013/06/26,18,123,,,134,15,,
2013/06/26,19,57,,,49,9,,
2013/06/26,20,32,,,28,6,,
2013/06/26,21,14,,,8,4,,
2013/06/26,22,13,,,5,3,,
2013/06/26,23,12,,,5,3,,
2013/06/26,24,11,,,5,3,,
2013/06/27,01,11,,,5,3,,
2013/06/27,02,10,,,4,3,,
2013/06/27,03,9,,,3,3,,
2013/06/27,04,11,,,3,2,,
2013/06/27,05,22,,,10,2,,
2013/06/27,06,38,,,21,2,,
2013/06/27,07,33,,,29,3,,
2013/06/27,08,41,,,23,4,,
2013/06/27,09,126,,,49,9,,
2013/06/27,10,167,,,122,14,,
2013/06/27,11,183,,,131,15,,
2013/06/27,12,170,,,137,15,,
2013/06/27,13,123,,,102,11,,
2013/06/27,14,192,,,125,13,,
2013/06/27,15,196,,,150,15,,
2013/06/27,16,191,,,139,16,,
2013/06/27,17,206,,,151,16,,
2013/06/27,18,132,,,151,16,,
2013/06/27,19,53,,,46,8,,
2013/06/27,20,34,,,35,6,,
2013/06/27,21,16,,,8,4,,
2013/06/27,22,14,,,7,3,,
2013/06/27,23,13,,,5,3,,
2013/06/27,24,13,,,7,3,,
2013/06/28,01,13,,,7,3,,
2013/06/28,02,13,,,7,3,,
2013/06/28,03,13,,,7,3,,
2013/06/28,04,15,,,6,3,,
2013/06/28,05,26,,,12,2,,
2013/06/28,06,42,,,24,2,,
2013/06/28,07,36,,,30,3,,
2013/06/28,08,45,,,29,4,,
2013/06/28,09,136,,,47,10,,
2013/06/28,10,174,,,143,14,,
2013/06/28,11,180,,,131,15,,
2013/06/28,12,166,,,136,15,,
2013/06/28,13,125,,,100,11,,
2013/06/28,14,170,,,115,13,,
2013/06/28,15,169,,,126,15,,
2013/06/28,16,161,,,117,15,,
2013/06/28,17,155,,,129,15,,
2013/06/28,18,83,,,86,15,,
2013/06/28,19,49,,,35,9,,
2013/06/28,20,29,,,31,6,,
2013/06/28,21,11,,,4,4,,
2013/06/28,22,10,,,3,3,,
2013/06/28,23,10,,,3,3,,
2013/06/28,24,10,,,4,4,,
2013/06/29,01,10,,,4,3,,
2013/06/29,02,9,,,3,3,,
2013/06/29,03,9,,,3,3,,
2013/06/29,04,9,,,3,2,,
2013/06/29,05,9,,,3,2,,
2013/06/29,06,9,,,3,2,,
2013/06/29,07,9,,,3,2,,
2013/06/29,08,10,,,3,3,,
2013/06/29,09,19,,,6,3,,
2013/06/29,10,25,,,13,4,,
2013/06/29,11,25,,,15,4,,
2013/06/29,12,24,,,15,4,,
2013/06/29,13,16,,,9,3,,
2013/06/29,14,19,,,10,3,,
2013/06/29,15,23,,,11,4,,
2013/06/29,16,10,,,7,3,,
2013/06/29,17,10,,,3,3,,
2013/06/29,18,10,,,3,3,,
2013/06/29,19,9,,,3,2,,
2013/06/29,20,9,,,3,3,,
2013/06/29,21,9,,,3,3,,
2013/06/29,22,9,,,3,3,,
2013/06/29,23,9,,,3,2,,
2013/06/29,24,9,,,3,3,,
2013/06/30,01,9,,,3,3,,
2013/06/30,02,9,,,3,3,,
2013/06/30,03,9,,,3,3,,
2013/06/30,04,8,,,3,2,,
2013/06/30,05,9,,,3,2,,
2013/06/30,06,9,,,3,2,,
2013/06/30,07,9,,,3,2,,
2013/06/30,08,9,,,3,3,,
2013/06/30,09,9,,,3,2,,
2013/06/30,10,8,,,3,2,,
2013/06/30,11,9,,,2,2,,
2013/06/30,12,9,,,3,3,,
2013/06/30,13,9,,,3,3,,
2013/06/30,14,9,,,2,3,,
2013/06/30,15,10,,,3,3,,
2013/06/30,16,9,,,2,3,,
2013/06/30,17,9,,,3,3,,
2013/06/30,18,9,,,3,3,,
2013/06/30,19,9,,,3,3,,
2013/06/30,20,9,,,3,3,,
2013/06/30,21,9,,,3,3,,
2013/06/30,22,9,,,3,2,,
2013/06/30,23,9,,,3,2,,
2013/06/30,24,9,,,3,3,,
2013/07/01,01,9,,,3,3,,
2013/07/01,02,9,,,3,3,,
2013/07/01,03,8,,,3,3,,
2013/07/01,04,11,,,3,2,,
2013/07/01,05,22,,,9,2,,
2013/07/01,06,37,,,21,2,,
2013/07/01,07,37,,,28,2,,
2013/07/01,08,48,,,30,3,,
2013/07/01,09,136,,,51,10,,
2013/07/01,10,197,,,142,14,,
2013/07/01,11,196,,,147,15,,
2013/07/01,12,187,,,154,15,,
2013/07/01,13,125,,,107,12,,
2013/07/01,14,200,,,124,14,,
2013/07/01,15,202,,,154,16,,
2013/07/01,16,193,,,140,16,,
2013/07/01,17,209,,,159,16,,
2013/07/01,18,112,,,144,16,,
2013/07/01,19,23,,,19,7,,
2013/07/01,20,18,,,11,5,,
2013/07/01,21,12,,,4,4,,
2013/07/01,22,12,,,4,4,,
2013/07/01,23,11,,,3,3,,
2013/07/01,24,11,,,4,4,,
2013/07/02,01,9,,,4,3,,
2013/07/02,02,9,,,3,3,,
2013/07/02,03,9,,,3,3,,
2013/07/02,04,11,,,3,2,,
2013/07/02,05,22,,,9,3,,
2013/07/02,06,35,,,21,2,,
2013/07/02,07,37,,,27,2,,
2013/07/02,08,49,,,29,3,,
2013/07/02,09,145,,,55,10,,
2013/07/02,10,204,,,148,14,,
2013/07/02,11,202,,,157,15,,
2013/07/02,12,170,,,145,15,,
2013/07/02,13,121,,,98,11,,
2013/07/02,14,197,,,122,13,,
2013/07/02,15,211,,,157,16,,
2013/07/02,16,204,,,153,16,,
2013/07/02,17,211,,,159,16,,
2013/07/02,18,115,,,158,16,,
2013/07/02,19,17,,,14,7,,
2013/07/02,20,14,,,6,4,,
2013/07/02,21,12,,,4,4,,
2013/07/02,22,12,,,4,4,,
2013/07/02,23,11,,,4,4,,
2013/07/02,24,10,,,3,4,,
2013/07/03,01,9,,,3,3,,
2013/07/03,02,9,,,3,3,,
2013/07/03,03,9,,,3,3,,
2013/07/03,04,11,,,3,3,,
2013/07/03,05,22,,,9,2,,
2013/07/03,06,36,,,20,2,,
2013/07/03,07,34,,,26,2,,
2013/07/03,08,45,,,29,3,,
2013/07/03,09,138,,,53,9,,
2013/07/03,10,183,,,136,15,,
2013/07/03,11,176,,,140,15,,
2013/07/03,12,163,,,126,15,,
2013/07/03,13,127,,,104,12,,
2013/07/03,14,170,,,114,13,,
2013/07/03,15,183,,,134,15,,
2013/07/03,16,170,,,129,15,,
2013/07/03,17,182,,,135,15,,
2013/07/03,18,104,,,129,15,,
2013/07/03,19,48,,,34,7,,
2013/07/03,20,34,,,31,6,,
2013/07/03,21,12,,,10,4,,
2013/07/03,22,11,,,4,4,,
2013/07/03,23,10,,,3,3,,
2013/07/03,24,9,,,3,4,,
2013/07/04,01,9,,,3,3,,
2013/07/04,02,9,,,3,3,,
2013/07/04,03,9,,,3,3,,
2013/07/04,04,11,,,3,2,,
2013/07/04,05,22,,,9,2,,
2013/07/04,06,36,,,21,2,,
2013/07/04,07,32,,,26,2,,
2013/07/04,08,51,,,26,3,,
2013/07/04,09,149,,,59,10,,
2013/07/04,10,215,,,153,14,,
2013/07/04,11,211,,,169,15,,
2013/07/04,12,186,,,155,15,,
2013/07/04,13,128,,,105,12,,
2013/07/04,14,202,,,131,13,,
2013/07/04,15,221,,,162,15,,
2013/07/04,16,194,,,150,15,,
2013/07/04,17,202,,,156,15,,
2013/07/04,18,120,,,145,15,,
2013/07/04,19,31,,,29,8,,
2013/07/04,20,21,,,17,5,,
2013/07/04,21,12,,,5,4,,
2013/07/04,22,11,,,4,3,,
2013/07/04,23,10,,,3,3,,
2013/07/04,24,9,,,3,3,,
2013/07/05,01,9,,,3,3,,
2013/07/05,02,10,,,3,3,,
2013/07/05,03,9,,,3,3,,
2013/07/05,04,11,,,3,3,,
2013/07/05,05,22,,,9,3,,
2013/07/05,06,36,,,21,3,,
2013/07/05,07,41,,,27,3,,
2013/07/05,08,57,,,37,3,,
2013/07/05,09,176,,,76,9,,
2013/07/05,10,220,,,171,15,,
2013/07/05,11,206,,,163,15,,
2013/07/05,12,195,,,159,15,,
2013/07/05,13,131,,,109,12,,
2013/07/05,14,232,,,144,15,,
2013/07/05,15,221,,,177,16,,
2013/07/05,16,224,,,161,16,,
2013/07/05,17,188,,,175,16,,
2013/07/05,18,95,,,105,16,,
2013/07/05,19,39,,,34,6,,
2013/07/05,20,12,,,13,4,,
2013/07/05,21,11,,,4,3,,
2013/07/05,22,11,,,4,3,,
2013/07/05,23,11,,,4,3,,
2013/07/05,24,9,,,4,3,,
2013/07/06,01,9,,,3,3,,
2013/07/06,02,9,,,3,3,,
2013/07/06,03,9,,,3,3,,
2013/07/06,04,9,,,3,3,,
2013/07/06,05,9,,,3,3,,
2013/07/06,06,9,,,3,2,,
2013/07/06,07,9,,,3,3,,
2013/07/06,08,9,,,3,2,,
2013/07/06,09,11,,,3,3,,
2013/07/06,10,17,,,7,3,,
2013/07/06,11,18,,,9,3,,
2013/07/06,12,17,,,9,3,,
2013/07/06,13,9,,,4,3,,
2013/07/06,14,9,,,2,2,,
2013/07/06,15,18,,,7,3,,
2013/07/06,16,18,,,9,3,,
2013/07/06,17,16,,,9,3,,
2013/07/06,18,9,,,5,3,,
2013/07/06,19,9,,,3,3,,
2013/07/06,20,9,,,3,3,,
2013/07/06,21,9,,,3,3,,
2013/07/06,22,9,,,3,3,,
2013/07/06,23,9,,,3,3,,
2013/07/06,24,9,,,3,3,,
2013/07/07,01,9,,,3,3,,
2013/07/07,02,9,,,3,3,,
2013/07/07,03,9,,,3,3,,
2013/07/07,04,9,,,3,3,,
2013/07/07,05,9,,,3,3,,
2013/07/07,06,9,,,3,3,,
2013/07/07,07,9,,,3,3,,
2013/07/07,08,9,,,3,3,,
2013/07/07,09,9,,,3,3,,
2013/07/07,10,9,,,3,3,,
2013/07/07,11,9,,,2,3,,
2013/07/07,12,9,,,2,3,,
2013/07/07,13,9,,,2,3,,
2013/07/07,14,9,,,2,3,,
2013/07/07,15,9,,,2,3,,
2013/07/07,16,9,,,2,3,,
2013/07/07,17,9,,,2,3,,
2013/07/07,18,9,,,2,3,,
2013/07/07,19,9,,,3,3,,
2013/07/07,20,9,,,3,3,,
2013/07/07,21,9,,,3,3,,
2013/07/07,22,9,,,3,3,,
2013/07/07,23,9,,,3,3,,
2013/07/07,24,9,,,3,3,,
2013/07/08,01,9,,,3,3,,
2013/07/08,02,9,,,3,3,,
2013/07/08,03,9,,,3,3,,
2013/07/08,04,11,,,3,3,,
2013/07/08,05,22,,,9,3,,
2013/07/08,06,36,,,20,2,,
2013/07/08,07,42,,,28,3,,
2013/07/08,08,71,,,38,3,,
2013/07/08,09,193,,,85,10,,
2013/07/08,10,256,,,194,15,,
2013/07/08,11,271,,,200,15,,
2013/07/08,12,246,,,200,17,,
2013/07/08,13,196,,,160,14,,
2013/07/08,14,269,,,182,14,,
2013/07/08,15,268,,,209,15,,
2013/07/08,16,269,,,202,16,,
2013/07/08,17,253,,,201,17,,
2013/07/08,18,159,,,179,17,,
2013/07/08,19,82,,,64,11,,
2013/07/08,20,51,,,58,9,,
2013/07/08,21,16,,,9,7,,
2013/07/08,22,14,,,4,6,,
2013/07/08,23,12,,,3,5,,
2013/07/08,24,11,,,3,5,,
2013/07/09,01,11,,,3,4,,
2013/07/09,02,11,,,3,4,,
2013/07/09,03,10,,,3,4,,
2013/07/09,04,12,,,3,4,,
2013/07/09,05,23,,,9,3,,
2013/07/09,06,37,,,20,3,,
2013/07/09,07,39,,,25,3,,
2013/07/09,08,67,,,36,4,,
2013/07/09,09,187,,,83,11,,
2013/07/09,10,250,,,182,16,,
2013/07/09,11,268,,,200,17,,
2013/07/09,12,257,,,206,17,,
2013/07/09,13,199,,,164,15,,
2013/07/09,14,276,,,189,15,,
2013/07/09,15,263,,,205,17,,
2013/07/09,16,263,,,194,18,,
2013/07/09,17,272,,,208,17,,
2013/07/09,18,179,,,206,18,,
2013/07/09,19,89,,,69,11,,
2013/07/09,20,66,,,63,7,,
2013/07/09,21,33,,,31,6,,
2013/07/09,22,17,,,12,5,,
2013/07/09,23,11,,,3,4,,
2013/07/09,24,10,,,3,4,,
2013/07/10,01,10,,,3,4,,
2013/07/10,02,10,,,3,3,,
2013/07/10,03,10,,,3,3,,
2013/07/10,04,10,,,3,3,,
2013/07/10,05,23,,,7,3,,
2013/07/10,06,36,,,22,3,,
2013/07/10,07,38,,,25,3,,
2013/07/10,08,71,,,35,3,,
2013/07/10,09,212,,,91,10,,
2013/07/10,10,259,,,208,16,,
2013/07/10,11,261,,,191,16,,
2013/07/10,12,257,,,204,18,,
2013/07/10,13,203,,,166,14,,
2013/07/10,14,271,,,183,17,,
2013/07/10,15,260,,,212,17,,
2013/07/10,16,258,,,189,17,,
2013/07/10,17,252,,,201,17,,
2013/07/10,18,158,,,178,18,,
2013/07/10,19,71,,,58,11,,
2013/07/10,20,43,,,47,9,,
2013/07/10,21,13,,,6,6,,
2013/07/10,22,12,,,4,4,,
2013/07/10,23,11,,,3,4,,
2013/07/10,24,10,,,3,4,,
2013/07/11,01,10,,,3,4,,
2013/07/11,02,10,,,3,3,,
2013/07/11,03,10,,,3,3,,
2013/07/11,04,9,,,3,3,,
2013/07/11,05,20,,,7,3,,
2013/07/11,06,36,,,19,3,,
2013/07/11,07,34,,,24,3,,
2013/07/11,08,77,,,34,3,,
2013/07/11,09,191,,,89,10,,
2013/07/11,10,243,,,182,17,,
2013/07/11,11,256,,,184,17,,
2013/07/11,12,247,,,204,17,,
2013/07/11,13,187,,,152,14,,
2013/07/11,14,252,,,180,15,,
2013/07/11,15,247,,,190,16,,
2013/07/11,16,250,,,187,16,,
2013/07/11,17,254,,,195,17,,
2013/07/11,18,154,,,189,17,,
2013/07/11,19,62,,,49,6,,
2013/07/11,20,24,,,30,4,,
2013/07/11,21,17,,,8,3,,
2013/07/11,22,15,,,8,3,,
2013/07/11,23,15,,,8,3,,
2013/07/11,24,15,,,8,3,,
2013/07/12,01,15,,,8,3,,
2013/07/12,02,15,,,8,3,,
2013/07/12,03,15,,,8,3,,
2013/07/12,04,15,,,6,3,,
2013/07/12,05,18,,,7,3,,
2013/07/12,06,35,,,19,3,,
2013/07/12,07,42,,,27,3,,
2013/07/12,08,64,,,36,3,,
2013/07/12,09,205,,,94,9,,
2013/07/12,10,264,,,197,16,,
2013/07/12,11,261,,,200,16,,
2013/07/12,12,252,,,198,19,,
2013/07/12,13,184,,,154,15,,
2013/07/12,14,268,,,177,16,,
2013/07/12,15,265,,,208,17,,
2013/07/12,16,261,,,194,18,,
2013/07/12,17,231,,,199,18,,
2013/07/12,18,126,,,147,17,,
2013/07/12,19,49,,,39,8,,
2013/07/12,20,38,,,32,7,,
2013/07/12,21,13,,,11,5,,
2013/07/12,22,12,,,4,4,,
2013/07/12,23,12,,,4,4,,
2013/07/12,24,9,,,4,3,,
2013/07/13,01,9,,,3,3,,
2013/07/13,02,9,,,3,3,,
2013/07/13,03,9,,,3,3,,
2013/07/13,04,9,,,3,3,,
2013/07/13,05,10,,,3,3,,
2013/07/13,06,11,,,4,2,,
2013/07/13,07,10,,,4,3,,
2013/07/13,08,10,,,3,3,,
2013/07/13,09,11,,,3,3,,
2013/07/13,10,9,,,4,3,,
2013/07/13,11,22,,,3,3,,
2013/07/13,12,44,,,26,3,,
2013/07/13,13,46,,,33,3,,
2013/07/13,14,50,,,35,3,,
2013/07/13,15,51,,,38,4,,
2013/07/13,16,51,,,38,4,,
2013/07/13,17,51,,,37,3,,
2013/07/13,18,42,,,35,4,,
2013/07/13,19,26,,,23,3,,
2013/07/13,20,32,,,14,3,,
2013/07/13,21,43,,,29,4,,
2013/07/13,22,19,,,24,4,,
2013/07/13,23,9,,,3,3,,
2013/07/13,24,9,,,3,3,,
2013/07/14,01,9,,,3,3,,
2013/07/14,02,9,,,3,3,,
2013/07/14,03,9,,,3,3,,
2013/07/14,04,9,,,3,3,,
2013/07/14,05,9,,,3,3,,
2013/07/14,06,9,,,3,2,,
2013/07/14,07,9,,,3,3,,
2013/07/14,08,9,,,3,3,,
2013/07/14,09,9,,,3,3,,
2013/07/14,10,9,,,3,3,,
2013/07/14,11,9,,,2,3,,
2013/07/14,12,9,,,2,3,,
2013/07/14,13,9,,,2,3,,
2013/07/14,14,9,,,2,2,,
2013/07/14,15,9,,,2,3,,
2013/07/14,16,9,,,2,3,,
2013/07/14,17,9,,,2,3,,
2013/07/14,18,9,,,3,3,,
2013/07/14,19,9,,,2,3,,
2013/07/14,20,9,,,3,3,,
2013/07/14,21,9,,,3,3,,
2013/07/14,22,12,,,3,3,,
2013/07/14,23,14,,,8,3,,
2013/07/14,24,9,,,3,3,,
2013/07/15,01,9,,,3,3,,
2013/07/15,02,9,,,3,3,,
2013/07/15,03,9,,,3,3,,
2013/07/15,04,9,,,3,3,,
2013/07/15,05,9,,,3,3,,
2013/07/15,06,9,,,3,2,,
2013/07/15,07,9,,,3,3,,
2013/07/15,08,9,,,3,2,,
2013/07/15,09,9,,,2,3,,
2013/07/15,10,9,,,3,2,,
2013/07/15,11,9,,,3,3,,
2013/07/15,12,9,,,2,3,,
2013/07/15,13,9,,,2,3,,
2013/07/15,14,8,,,2,2,,
2013/07/15,15,9,,,2,2,,
2013/07/15,16,9,,,2,3,,
2013/07/15,17,9,,,2,3,,
2013/07/15,18,9,,,3,3,,
2013/07/15,19,9,,,2,3,,
2013/07/15,20,9,,,2,3,,
2013/07/15,21,9,,,3,3,,
2013/07/15,22,9,,,3,3,,
2013/07/15,23,9,,,3,3,,
2013/07/15,24,9,,,3,3,,
2013/07/16,01,9,,,3,3,,
2013/07/16,02,9,,,3,3,,
2013/07/16,03,9,,,3,3,,
2013/07/16,04,9,,,2,3,,
2013/07/16,05,21,,,7,2,,
2013/07/16,06,37,,,21,2,,
2013/07/16,07,40,,,26,2,,
2013/07/16,08,61,,,35,3,,
2013/07/16,09,165,,,77,9,,
2013/07/16,10,218,,,158,15,,
2013/07/16,11,219,,,164,15,,
2013/07/16,12,209,,,172,15,,
2013/07/16,13,144,,,126,12,,
2013/07/16,14,219,,,143,14,,
2013/07/16,15,210,,,164,16,,
2013/07/16,16,211,,,150,16,,
2013/07/16,17,201,,,166,16,,
2013/07/16,18,132,,,147,16,,
2013/07/16,19,57,,,46,9,,
2013/07/16,20,32,,,31,6,,
2013/07/16,21,14,,,9,4,,
2013/07/16,22,13,,,5,3,,
2013/07/16,23,12,,,4,3,,
2013/07/16,24,11,,,5,4,,
2013/07/17,01,11,,,5,3,,
2013/07/17,02,11,,,5,3,,
2013/07/17,03,11,,,5,3,,
2013/07/17,04,11,,,4,3,,
2013/07/17,05,22,,,8,3,,
2013/07/17,06,37,,,22,3,,
2013/07/17,07,33,,,25,3,,
2013/07/17,08,46,,,22,3,,
2013/07/17,09,159,,,69,9,,
2013/07/17,10,222,,,157,16,,
2013/07/17,11,220,,,168,16,,
2013/07/17,12,214,,,170,18,,
2013/07/17,13,134,,,121,12,,
2013/07/17,14,231,,,143,14,,
2013/07/17,15,223,,,173,16,,
2013/07/17,16,217,,,165,16,,
2013/07/17,17,224,,,175,17,,
2013/07/17,18,124,,,156,16,,
2013/07/17,19,40,,,32,8,,
2013/07/17,20,18,,,20,5,,
2013/07/17,21,12,,,5,3,,
2013/07/17,22,11,,,4,3,,
2013/07/17,23,10,,,3,3,,
2013/07/17,24,10,,,3,3,,
2013/07/18,01,10,,,4,3,,
2013/07/18,02,9,,,3,3,,
2013/07/18,03,9,,,4,3,,
2013/07/18,04,9,,,3,2,,
2013/07/18,05,21,,,7,2,,
2013/07/18,06,36,,,21,2,,
2013/07/18,07,35,,,27,2,,
2013/07/18,08,57,,,31,3,,
2013/07/18,09,166,,,77,9,,
2013/07/18,10,213,,,153,15,,
2013/07/18,11,225,,,172,16,,
2013/07/18,12,230,,,179,17,,
2013/07/18,13,163,,,139,12,,
2013/07/18,14,245,,,158,13,,
2013/07/18,15,258,,,198,16,,
2013/07/18,16,251,,,189,16,,
2013/07/18,17,257,,,201,17,,
2013/07/18,18,155,,,176,18,,
2013/07/18,19,63,,,55,10,,
2013/07/18,20,50,,,40,6,,
2013/07/18,21,25,,,26,6,,
2013/07/18,22,13,,,7,4,,
2013/07/18,23,12,,,5,3,,
2013/07/18,24,11,,,5,3,,
2013/07/19,01,10,,,4,3,,
2013/07/19,02,9,,,3,3,,
2013/07/19,03,9,,,3,3,,
2013/07/19,04,9,,,3,3,,
2013/07/19,05,21,,,7,3,,
2013/07/19,06,37,,,21,3,,
2013/07/19,07,36,,,25,3,,
2013/07/19,08,61,,,33,3,,
2013/07/19,09,181,,,84,10,,
2013/07/19,10,216,,,160,15,,
2013/07/19,11,224,,,169,15,,
2013/07/19,12,216,,,173,16,,
2013/07/19,13,153,,,131,13,,
2013/07/19,14,209,,,140,13,,
2013/07/19,15,222,,,168,16,,
2013/07/19,16,198,,,151,16,,
2013/07/19,17,186,,,153,14,,
2013/07/19,18,109,,,119,16,,
2013/07/19,19,52,,,41,8,,
2013/07/19,20,36,,,29,7,,
2013/07/19,21,12,,,9,4,,
2013/07/19,22,11,,,3,4,,
2013/07/19,23,10,,,3,3,,
2013/07/19,24,9,,,3,3,,
2013/07/20,01,9,,,3,3,,
2013/07/20,02,9,,,3,3,,
2013/07/20,03,9,,,3,3,,
2013/07/20,04,9,,,3,3,,
2013/07/20,05,20,,,7,2,,
2013/07/20,06,26,,,15,2,,
2013/07/20,07,33,,,17,2,,
2013/07/20,08,53,,,28,3,,
2013/07/20,09,145,,,62,8,,
2013/07/20,10,179,,,137,13,,
2013/07/20,11,182,,,133,13,,
2013/07/20,12,171,,,136,15,,
2013/07/20,13,123,,,100,11,,
2013/07/20,14,182,,,117,12,,
2013/07/20,15,194,,,147,14,,
2013/07/20,16,180,,,133,15,,
2013/07/20,17,195,,,146,15,,
2013/07/20,18,120,,,132,15,,
2013/07/20,19,59,,,50,7,,
2013/07/20,20,29,,,36,6,,
2013/07/20,21,11,,,4,3,,
2013/07/20,22,10,,,4,3,,
2013/07/20,23,9,,,3,3,,
2013/07/20,24,9,,,3,3,,
2013/07/21,01,9,,,3,3,,
2013/07/21,02,9,,,3,3,,
2013/07/21,03,9,,,3,3,,
2013/07/21,04,8,,,3,2,,
2013/07/21,05,8,,,3,2,,
2013/07/21,06,11,,,4,2,,
2013/07/21,07,10,,,4,2,,
2013/07/21,08,10,,,4,2,,
2013/07/21,09,12,,,4,2,,
2013/07/21,10,14,,,6,2,,
2013/07/21,11,15,,,7,3,,
2013/07/21,12,15,,,8,3,,
2013/07/21,13,9,,,4,2,,
2013/07/21,14,12,,,3,2,,
2013/07/21,15,18,,,9,3,,
2013/07/21,16,15,,,8,3,,
2013/07/21,17,17,,,10,3,,
2013/07/21,18,17,,,9,3,,
2013/07/21,19,9,,,5,3,,
2013/07/21,20,9,,,3,3,,
2013/07/21,21,9,,,3,3,,
2013/07/21,22,9,,,3,2,,
2013/07/21,23,9,,,3,2,,
2013/07/21,24,9,,,3,3,,
2013/07/22,01,9,,,3,3,,
2013/07/22,02,9,,,3,3,,
2013/07/22,03,9,,,3,3,,
2013/07/22,04,9,,,3,2,,
2013/07/22,05,20,,,7,2,,
2013/07/22,06,37,,,21,2,,
2013/07/22,07,44,,,28,2,,
2013/07/22,08,71,,,41,3,,
2013/07/22,09,159,,,72,10,,
2013/07/22,10,224,,,160,15,,
2013/07/22,11,226,,,180,15,,
2013/07/22,12,215,,,167,16,,
2013/07/22,13,157,,,130,12,,
2013/07/22,14,244,,,163,14,,
2013/07/22,15,244,,,188,16,,
2013/07/22,16,233,,,176,18,,
2013/07/22,17,243,,,183,17,,
2013/07/22,18,156,,,180,17,,
2013/07/22,19,67,,,53,9,,
2013/07/22,20,42,,,42,7,,
2013/07/22,21,18,,,15,5,,
2013/07/22,22,12,,,4,4,,
2013/07/22,23,12,,,3,4,,
2013/07/22,24,11,,,4,4,,
2013/07/23,01,10,,,3,3,,
2013/07/23,02,10,,,3,3,,
2013/07/23,03,9,,,3,3,,
2013/07/23,04,10,,,3,3,,
2013/07/23,05,21,,,7,3,,
2013/07/23,06,37,,,21,3,,
2013/07/23,07,42,,,27,3,,
2013/07/23,08,78,,,40,4,,
2013/07/23,09,190,,,92,9,,
2013/07/23,10,245,,,184,17,,
2013/07/23,11,255,,,189,18,,
2013/07/23,12,248,,,196,19,,
2013/07/23,13,172,,,148,16,,
2013/07/23,14,255,,,165,17,,
2013/07/23,15,255,,,196,19,,
2013/07/23,16,245,,,186,18,,
2013/07/23,17,241,,,190,18,,
2013/07/23,18,138,,,160,16,,
2013/07/23,19,35,,,38,8,,
2013/07/23,20,25,,,21,6,,
2013/07/23,21,13,,,5,4,,
2013/07/23,22,12,,,4,4,,
2013/07/23,23,12,,,4,3,,
2013/07/23,24,12,,,5,4,,
2013/07/24,01,10,,,4,4,,
2013/07/24,02,10,,,3,4,,
2013/07/24,03,9,,,3,3,,
2013/07/24,04,9,,,3,3,,
2013/07/24,05,21,,,7,3,,
2013/07/24,06,38,,,21,3,,
2013/07/24,07,38,,,25,3,,
2013/07/24,08,64,,,30,3,,
2013/07/24,09,167,,,73,10,,
2013/07/24,10,227,,,165,16,,
2013/07/24,11,232,,,177,17,,
2013/07/24,12,224,,,182,17,,
2013/07/24,13,144,,,127,13,,
2013/07/24,14,212,,,144,14,,
2013/07/24,15,217,,,162,15,,
2013/07/24,16,212,,,163,16,,
2013/07/24,17,214,,,163,16,,
2013/07/24,18,132,,,156,16,,
2013/07/24,19,36,,,33,7,,
2013/07/24,20,31,,,26,5,,
2013/07/24,21,20,,,11,4,,
2013/07/24,22,20,,,11,3,,
2013/07/24,23,20,,,11,3,,
2013/07/24,24,13,,,11,4,,
2013/07/25,01,9,,,4,3,,
2013/07/25,02,9,,,3,3,,
2013/07/25,03,9,,,3,3,,
2013/07/25,04,9,,,3,3,,
2013/07/25,05,20,,,7,3,,
2013/07/25,06,37,,,21,2,,
2013/07/25,07,35,,,27,3,,
2013/07/25,08,56,,,26,3,,
2013/07/25,09,156,,,64,10,,
2013/07/25,10,216,,,158,16,,
2013/07/25,11,208,,,159,17,,
2013/07/25,12,211,,,164,17,,
2013/07/25,13,146,,,123,13,,
2013/07/25,14,226,,,153,14,,
2013/07/25,15,230,,,174,16,,
2013/07/25,16,215,,,158,16,,
2013/07/25,17,221,,,174,17,,
2013/07/25,18,151,,,162,17,,
2013/07/25,19,71,,,58,10,,
2013/07/25,20,33,,,40,7,,
2013/07/25,21,15,,,6,4,,
2013/07/25,22,14,,,5,4,,
2013/07/25,23,11,,,5,4,,
2013/07/25,24,10,,,4,3,,
2013/07/26,01,10,,,4,3,,
2013/07/26,02,10,,,4,3,,
2013/07/26,03,10,,,4,3,,
2013/07/26,04,9,,,3,3,,
2013/07/26,05,21,,,7,3,,
2013/07/26,06,39,,,21,3,,
2013/07/26,07,44,,,32,3,,
2013/07/26,08,86,,,40,4,,
2013/07/26,09,174,,,91,10,,
2013/07/26,10,228,,,167,15,,
2013/07/26,11,232,,,173,17,,
2013/07/26,12,225,,,181,18,,
2013/07/26,13,161,,,130,13,,
2013/07/26,14,242,,,161,14,,
2013/07/26,15,237,,,189,16,,
2013/07/26,16,220,,,167,17,,
2013/07/26,17,238,,,182,19,,
2013/07/26,18,107,,,147,18,,
2013/07/26,19,32,,,18,9,,
2013/07/26,20,32,,,16,9,,
2013/07/26,21,31,,,14,10,,
2013/07/26,22,26,,,12,8,,
2013/07/26,23,25,,,11,7,,
2013/07/26,24,18,,,14,8,,
2013/07/27,01,10,,,4,5,,
2013/07/27,02,10,,,3,4,,
2013/07/27,03,10,,,3,4,,
2013/07/27,04,9,,,3,3,,
2013/07/27,05,17,,,6,3,,
2013/07/27,06,16,,,9,3,,
2013/07/27,07,17,,,8,3,,
2013/07/27,08,26,,,14,3,,
2013/07/27,09,22,,,14,3,,
2013/07/27,10,23,,,12,3,,
2013/07/27,11,31,,,16,4,,
2013/07/27,12,33,,,22,4,,
2013/07/27,13,25,,,16,3,,
2013/07/27,14,44,,,25,5,,
2013/07/27,15,44,,,28,5,,
2013/07/27,16,18,,,19,5,,
2013/07/27,17,11,,,5,3,,
2013/07/27,18,11,,,4,3,,
2013/07/27,19,10,,,3,3,,
2013/07/27,20,10,,,3,3,,
2013/07/27,21,9,,,3,3,,
2013/07/27,22,9,,,3,2,,
2013/07/27,23,9,,,3,3,,
2013/07/27,24,9,,,3,3,,
2013/07/28,01,9,,,3,3,,
2013/07/28,02,9,,,3,3,,
2013/07/28,03,9,,,3,3,,
2013/07/28,04,9,,,3,2,,
2013/07/28,05,9,,,3,2,,
2013/07/28,06,9,,,3,2,,
2013/07/28,07,9,,,3,2,,
2013/07/28,08,9,,,3,2,,
2013/07/28,09,9,,,3,2,,
2013/07/28,10,9,,,2,2,,
2013/07/28,11,9,,,3,2,,
2013/07/28,12,9,,,2,2,,
2013/07/28,13,9,,,3,2,,
2013/07/28,14,9,,,2,2,,
2013/07/28,15,9,,,2,2,,
2013/07/28,16,9,,,2,2,,
2013/07/28,17,9,,,2,3,,
2013/07/28,18,9,,,3,3,,
2013/07/28,19,9,,,2,3,,
2013/07/28,20,9,,,3,3,,
2013/07/28,21,9,,,2,3,,
2013/07/28,22,9,,,3,3,,
2013/07/28,23,9,,,2,3,,
2013/07/28,24,9,,,3,3,,
2013/07/29,01,9,,,3,3,,
2013/07/29,02,9,,,3,3,,
2013/07/29,03,9,,,3,3,,
2013/07/29,04,9,,,3,2,,
2013/07/29,05,20,,,6,3,,
2013/07/29,06,37,,,21,2,,
2013/07/29,07,45,,,30,3,,
2013/07/29,08,79,,,37,3,,
2013/07/29,09,173,,,90,11,,
2013/07/29,10,236,,,175,16,,
2013/07/29,11,250,,,181,17,,
2013/07/29,12,231,,,193,16,,
2013/07/29,13,145,,,130,12,,
2013/07/29,14,231,,,147,14,,
2013/07/29,15,253,,,188,16,,
2013/07/29,16,228,,,177,17,,
2013/07/29,17,239,,,184,17,,
2013/07/29,18,154,,,176,19,,
2013/07/29,19,37,,,38,8,,
2013/07/29,20,28,,,25,6,,
2013/07/29,21,13,,,6,4,,
2013/07/29,22,11,,,4,3,,
2013/07/29,23,11,,,3,3,,
2013/07/29,24,10,,,4,3,,
2013/07/30,01,10,,,4,3,,
2013/07/30,02,10,,,4,3,,
2013/07/30,03,10,,,4,3,,
2013/07/30,04,9,,,3,3,,
2013/07/30,05,21,,,7,3,,
2013/07/30,06,37,,,21,3,,
2013/07/30,07,42,,,26,3,,
2013/07/30,08,72,,,36,3,,
2013/07/30,09,185,,,85,11,,
2013/07/30,10,243,,,181,16,,
2013/07/30,11,247,,,189,16,,
2013/07/30,12,241,,,193,18,,
2013/07/30,13,161,,,139,13,,
2013/07/30,14,262,,,166,14,,
2013/07/30,15,259,,,206,17,,
2013/07/30,16,249,,,182,17,,
2013/07/30,17,264,,,203,17,,
2013/07/30,18,193,,,198,18,,
2013/07/30,19,100,,,84,11,,
2013/07/30,20,68,,,71,8,,
2013/07/30,21,16,,,16,6,,
2013/07/30,22,15,,,6,3,,
2013/07/30,23,14,,,6,3,,
2013/07/30,24,11,,,5,4,,
2013/07/31,01,11,,,4,3,,
2013/07/31,02,11,,,4,4,,
2013/07/31,03,11,,,4,4,,
2013/07/31,04,10,,,3,3,,
2013/07/31,05,21,,,7,3,,
2013/07/31,06,38,,,21,3,,
2013/07/31,07,41,,,27,3,,
2013/07/31,08,80,,,41,3,,
2013/07/31,09,188,,,82,11,,
2013/07/31,10,235,,,183,16,,
2013/07/31,11,231,,,178,16,,
2013/07/31,12,242,,,191,17,,
2013/07/31,13,169,,,141,14,,
2013/07/31,14,259,,,170,15,,
2013/07/31,15,268,,,207,18,,
2013/07/31,16,253,,,186,18,,
2013/07/31,17,266,,,207,18,,
2013/07/31,18,161,,,189,19,,
2013/07/31,19,73,,,57,10,,
2013/07/31,20,36,,,41,7,,
2013/07/31,21,15,,,7,5,,
2013/07/31,22,13,,,5,4,,
2013/07/31,23,12,,,5,4,,
2013/07/31,24,10,,,4,3,,
2013/08/01,01,10,,,4,3,,
2013/08/01,02,10,,,3,3,,
2013/08/01,03,9,,,3,3,,
2013/08/01,04,9,,,3,3,,
2013/08/01,05,21,,,7,3,,
2013/08/01,06,37,,,21,3,,
2013/08/01,07,42,,,26,3,,
2013/08/01,08,70,,,38,4,,
2013/08/01,09,188,,,77,11,,
2013/08/01,10,266,,,201,16,,
2013/08/01,11,263,,,205,16,,
2013/08/01,12,246,,,205,17,,
2013/08/01,13,173,,,145,12,,
2013/08/01,14,267,,,178,14,,
2013/08/01,15,276,,,210,17,,
2013/08/01,16,274,,,202,17,,
2013/08/01,17,272,,,216,17,,
2013/08/01,18,185,,,200,16,,
2013/08/01,19,72,,,69,11,,
2013/08/01,20,36,,,42,8,,
2013/08/01,21,13,,,5,4,,
2013/08/01,22,12,,,4,4,,
2013/08/01,23,12,,,4,4,,
2013/08/01,24,10,,,4,4,,
2013/08/02,01,9,,,3,3,,
2013/08/02,02,9,,,3,3,,
2013/08/02,03,9,,,3,3,,
2013/08/02,04,9,,,3,3,,
2013/08/02,05,20,,,7,2,,
2013/08/02,06,37,,,21,3,,
2013/08/02,07,45,,,28,2,,
2013/08/02,08,73,,,38,3,,
2013/08/02,09,168,,,80,10,,
2013/08/02,10,209,,,159,16,,
2013/08/02,11,231,,,168,16,,
2013/08/02,12,215,,,176,16,,
2013/08/02,13,141,,,121,13,,
2013/08/02,14,249,,,155,14,,
2013/08/02,15,244,,,193,17,,
2013/08/02,16,220,,,168,17,,
2013/08/02,17,245,,,187,17,,
2013/08/02,18,143,,,158,17,,
2013/08/02,19,87,,,68,11,,
2013/08/02,20,47,,,59,8,,
2013/08/02,21,12,,,5,4,,
2013/08/02,22,11,,,4,3,,
2013/08/02,23,9,,,3,3,,
2013/08/02,24,10,,,3,3,,
2013/08/03,01,9,,,3,3,,
2013/08/03,02,9,,,3,3,,
2013/08/03,03,9,,,3,3,,
2013/08/03,04,9,,,3,3,,
2013/08/03,05,20,,,7,3,,
2013/08/03,06,39,,,21,3,,
2013/08/03,07,47,,,31,3,,
2013/08/03,08,69,,,38,4,,
2013/08/03,09,167,,,77,9,,
2013/08/03,10,245,,,171,15,,
2013/08/03,11,262,,,200,15,,
2013/08/03,12,237,,,197,16,,
2013/08/03,13,165,,,140,13,,
2013/08/03,14,231,,,151,14,,
2013/08/03,15,251,,,190,15,,
2013/08/03,16,245,,,185,15,,
2013/08/03,17,249,,,194,16,,
2013/08/03,18,131,,,181,15,,
2013/08/03,19,15,,,17,5,,
2013/08/03,20,13,,,6,3,,
2013/08/03,21,12,,,5,3,,
2013/08/03,22,11,,,4,3,,
2013/08/03,23,10,,,3,3,,
2013/08/03,24,9,,,3,3,,
2013/08/04,01,9,,,3,3,,
2013/08/04,02,9,,,3,3,,
2013/08/04,03,9,,,3,3,,
2013/08/04,04,9,,,2,3,,
2013/08/04,05,9,,,3,2,,
2013/08/04,06,9,,,3,3,,
2013/08/04,07,9,,,3,3,,
2013/08/04,08,16,,,7,3,,
2013/08/04,09,10,,,4,3,,
2013/08/04,10,10,,,3,3,,
2013/08/04,11,9,,,2,3,,
2013/08/04,12,9,,,3,3,,
2013/08/04,13,9,,,2,3,,
2013/08/04,14,9,,,2,3,,
2013/08/04,15,9,,,3,3,,
2013/08/04,16,9,,,2,3,,
2013/08/04,17,9,,,2,3,,
2013/08/04,18,9,,,3,3,,
2013/08/04,19,9,,,2,3,,
2013/08/04,20,9,,,2,3,,
2013/08/04,21,9,,,3,3,,
2013/08/04,22,9,,,2,3,,
2013/08/04,23,9,,,3,3,,
2013/08/04,24,9,,,3,3,,
2013/08/05,01,9,,,3,3,,
2013/08/05,02,9,,,3,3,,
2013/08/05,03,9,,,3,3,,
2013/08/05,04,9,,,3,3,,
2013/08/05,05,20,,,7,2,,
2013/08/05,06,37,,,21,3,,
2013/08/05,07,46,,,29,3,,
2013/08/05,08,76,,,39,3,,
2013/08/05,09,195,,,84,11,,
2013/08/05,10,262,,,195,15,,
2013/08/05,11,267,,,207,16,,
2013/08/05,12,257,,,207,17,,
2013/08/05,13,193,,,161,13,,
2013/08/05,14,275,,,185,15,,
2013/08/05,15,277,,,212,17,,
2013/08/05,16,254,,,195,16,,
2013/08/05,17,271,,,203,16,,
2013/08/05,18,241,,,207,17,,
2013/08/05,19,162,,,144,16,,
2013/08/05,20,81,,,101,15,,
2013/08/05,21,15,,,13,6,,
2013/08/05,22,14,,,5,4,,
2013/08/05,23,12,,,5,4,,
2013/08/05,24,11,,,5,4,,
2013/08/06,01,10,,,5,3,,
2013/08/06,02,9,,,3,3,,
2013/08/06,03,10,,,3,3,,
2013/08/06,04,9,,,3,3,,
2013/08/06,05,21,,,7,3,,
2013/08/06,06,37,,,21,3,,
2013/08/06,07,53,,,30,3,,
2013/08/06,08,78,,,46,4,,
2013/08/06,09,193,,,91,10,,
2013/08/06,10,252,,,188,16,,
2013/08/06,11,270,,,200,18,,
2013/08/06,12,255,,,210,19,,
2013/08/06,13,175,,,148,13,,
2013/08/06,14,271,,,178,14,,
2013/08/06,15,267,,,210,17,,
2013/08/06,16,238,,,185,17,,
2013/08/06,17,239,,,186,17,,
2013/08/06,18,164,,,174,17,,
2013/08/06,19,100,,,75,12,,
2013/08/06,20,65,,,64,11,,
2013/08/06,21,16,,,20,6,,
2013/08/06,22,15,,,7,3,,
2013/08/06,23,14,,,7,3,,
2013/08/06,24,12,,,6,4,,
2013/08/07,01,13,,,6,3,,
2013/08/07,02,12,,,6,3,,
2013/08/07,03,12,,,5,3,,
2013/08/07,04,12,,,4,3,,
2013/08/07,05,21,,,8,3,,
2013/08/07,06,37,,,20,3,,
2013/08/07,07,38,,,26,3,,
2013/08/07,08,83,,,34,3,,
2013/08/07,09,203,,,102,11,,
2013/08/07,10,253,,,188,15,,
2013/08/07,11,248,,,192,16,,
2013/08/07,12,239,,,194,17,,
2013/08/07,13,171,,,137,14,,
2013/08/07,14,269,,,175,15,,
2013/08/07,15,263,,,206,17,,
2013/08/07,16,247,,,192,16,,
2013/08/07,17,257,,,196,16,,
2013/08/07,18,191,,,191,17,,
2013/08/07,19,107,,,96,13,,
2013/08/07,20,72,,,69,11,,
2013/08/07,21,27,,,27,8,,
2013/08/07,22,15,,,6,5,,
2013/08/07,23,13,,,4,4,,
2013/08/07,24,11,,,4,4,,
2013/08/08,01,10,,,4,4,,
2013/08/08,02,10,,,3,4,,
2013/08/08,03,10,,,3,3,,
2013/08/08,04,9,,,3,3,,
2013/08/08,05,21,,,7,3,,
2013/08/08,06,44,,,22,3,,
2013/08/08,07,49,,,34,3,,
2013/08/08,08,82,,,41,3,,
2013/08/08,09,194,,,99,10,,
2013/08/08,10,261,,,194,15,,
2013/08/08,11,262,,,196,17,,
2013/08/08,12,252,,,203,18,,
2013/08/08,13,184,,,153,14,,
2013/08/08,14,281,,,187,15,,
2013/08/08,15,290,,,223,17,,
2013/08/08,16,272,,,211,17,,
2013/08/08,17,268,,,212,17,,
2013/08/08,18,198,,,198,16,,
2013/08/08,19,78,,,87,10,,
2013/08/08,20,42,,,42,6,,
2013/08/08,21,13,,,10,4,,
2013/08/08,22,12,,,4,3,,
2013/08/08,23,12,,,4,3,,
2013/08/08,24,10,,,4,3,,
2013/08/09,01,10,,,3,3,,
2013/08/09,02,9,,,3,3,,
2013/08/09,03,10,,,3,3,,
2013/08/09,04,9,,,3,3,,
2013/08/09,05,20,,,7,3,,
2013/08/09,06,38,,,20,3,,
2013/08/09,07,39,,,31,3,,
2013/08/09,08,73,,,28,3,,
2013/08/09,09,216,,,107,10,,
2013/08/09,10,269,,,196,17,,
2013/08/09,11,275,,,213,17,,
2013/08/09,12,260,,,207,18,,
2013/08/09,13,197,,,163,16,,
2013/08/09,14,280,,,188,17,,
2013/08/09,15,278,,,216,18,,
2013/08/09,16,264,,,199,19,,
2013/08/09,17,250,,,205,20,,
2013/08/09,18,121,,,164,19,,
2013/08/09,19,15,,,14,6,,
2013/08/09,20,14,,,5,4,,
2013/08/09,21,12,,,4,4,,
2013/08/09,22,12,,,4,4,,
2013/08/09,23,12,,,4,4,,
2013/08/09,24,10,,,4,4,,
2013/08/10,01,10,,,3,4,,
2013/08/10,02,10,,,3,4,,
2013/08/10,03,10,,,3,4,,
2013/08/10,04,10,,,2,3,,
2013/08/10,05,10,,,2,3,,
2013/08/10,06,10,,,2,3,,
2013/08/10,07,9,,,2,3,,
2013/08/10,08,9,,,2,3,,
2013/08/10,09,27,,,9,3,,
2013/08/10,10,34,,,21,4,,
2013/08/10,11,35,,,22,4,,
2013/08/10,12,34,,,22,4,,
2013/08/10,13,33,,,21,4,,
2013/08/10,14,36,,,22,4,,
2013/08/10,15,36,,,23,4,,
2013/08/10,16,35,,,22,4,,
2013/08/10,17,34,,,22,4,,
2013/08/10,18,23,,,21,4,,
2013/08/10,19,10,,,4,4,,
2013/08/10,20,10,,,2,4,,
2013/08/10,21,10,,,2,4,,
2013/08/10,22,9,,,2,3,,
2013/08/10,23,9,,,2,3,,
2013/08/10,24,9,,,3,3,,
2013/08/11,01,9,,,3,3,,
2013/08/11,02,9,,,3,3,,
2013/08/11,03,9,,,3,3,,
2013/08/11,04,9,,,2,3,,
2013/08/11,05,9,,,2,3,,
2013/08/11,06,9,,,2,3,,
2013/08/11,07,9,,,2,3,,
2013/08/11,08,9,,,2,3,,
2013/08/11,09,29,,,10,3,,
2013/08/11,10,32,,,20,4,,
2013/08/11,11,34,,,21,4,,
2013/08/11,12,33,,,21,4,,
2013/08/11,13,32,,,21,4,,
2013/08/11,14,34,,,21,4,,
2013/08/11,15,34,,,21,4,,
2013/08/11,16,13,,,13,4,,
2013/08/11,17,10,,,2,3,,
2013/08/11,18,9,,,2,3,,
2013/08/11,19,10,,,2,3,,
2013/08/11,20,10,,,2,3,,
2013/08/11,21,10,,,2,3,,
2013/08/11,22,9,,,2,3,,
2013/08/11,23,9,,,2,3,,
2013/08/11,24,9,,,3,3,,
2013/08/12,01,9,,,3,3,,
2013/08/12,02,9,,,3,3,,
2013/08/12,03,9,,,3,3,,
2013/08/12,04,9,,,2,3,,
2013/08/12,05,9,,,2,3,,
2013/08/12,06,9,,,2,3,,
2013/08/12,07,9,,,2,3,,
2013/08/12,08,9,,,2,3,,
2013/08/12,09,9,,,2,3,,
2013/08/12,10,9,,,2,3,,
2013/08/12,11,10,,,2,3,,
2013/08/12,12,10,,,2,4,,
2013/08/12,13,10,,,2,4,,
2013/08/12,14,9,,,2,3,,
2013/08/12,15,12,,,2,3,,
2013/08/12,16,13,,,6,4,,
2013/08/12,17,10,,,2,3,,
2013/08/12,18,9,,,2,3,,
2013/08/12,19,9,,,2,3,,
2013/08/12,20,9,,,2,3,,
2013/08/12,21,9,,,2,3,,
2013/08/12,22,9,,,2,3,,
2013/08/12,23,9,,,2,3,,
2013/08/12,24,9,,,3,3,,
2013/08/13,01,9,,,3,3,,
2013/08/13,02,9,,,3,3,,
2013/08/13,03,9,,,3,3,,
2013/08/13,04,9,,,2,3,,
2013/08/13,05,9,,,2,3,,
2013/08/13,06,9,,,2,3,,
2013/08/13,07,9,,,2,3,,
2013/08/13,08,9,,,2,3,,
2013/08/13,09,10,,,2,3,,
2013/08/13,10,9,,,2,3,,
2013/08/13,11,9,,,2,3,,
2013/08/13,12,10,,,2,3,,
2013/08/13,13,10,,,2,4,,
2013/08/13,14,10,,,2,3,,
2013/08/13,15,10,,,2,3,,
2013/08/13,16,10,,,2,4,,
2013/08/13,17,10,,,2,4,,
2013/08/13,18,9,,,2,3,,
2013/08/13,19,10,,,2,3,,
2013/08/13,20,10,,,2,3,,
2013/08/13,21,9,,,2,3,,
2013/08/13,22,9,,,2,3,,
2013/08/13,23,9,,,2,3,,
2013/08/13,24,9,,,3,3,,
2013/08/14,01,9,,,3,3,,
2013/08/14,02,9,,,3,3,,
2013/08/14,03,9,,,3,3,,
2013/08/14,04,9,,,2,3,,
2013/08/14,05,9,,,2,3,,
2013/08/14,06,9,,,2,3,,
2013/08/14,07,9,,,2,3,,
2013/08/14,08,9,,,2,3,,
2013/08/14,09,9,,,2,3,,
2013/08/14,10,9,,,2,3,,
2013/08/14,11,9,,,2,3,,
2013/08/14,12,10,,,2,4,,
2013/08/14,13,10,,,2,4,,
2013/08/14,14,10,,,2,3,,
2013/08/14,15,10,,,2,4,,
2013/08/14,16,10,,,2,4,,
2013/08/14,17,10,,,2,4,,
2013/08/14,18,10,,,2,3,,
2013/08/14,19,9,,,2,3,,
2013/08/14,20,10,,,2,3,,
2013/08/14,21,10,,,2,3,,
2013/08/14,22,9,,,2,3,,
2013/08/14,23,9,,,2,3,,
2013/08/14,24,9,,,3,3,,
2013/08/15,01,9,,,3,3,,
2013/08/15,02,9,,,3,3,,
2013/08/15,03,9,,,3,3,,
2013/08/15,04,9,,,2,3,,
2013/08/15,05,10,,,2,3,,
2013/08/15,06,11,,,4,3,,
2013/08/15,07,21,,,3,3,,
2013/08/15,08,32,,,22,3,,
2013/08/15,09,28,,,18,3,,
2013/08/15,10,37,,,21,3,,
2013/08/15,11,50,,,33,4,,
2013/08/15,12,54,,,39,4,,
2013/08/15,13,54,,,40,5,,
2013/08/15,14,37,,,29,4,,
2013/08/15,15,52,,,32,4,,
2013/08/15,16,54,,,39,4,,
2013/08/15,17,54,,,39,5,,
2013/08/15,18,46,,,38,5,,
2013/08/15,19,16,,,20,4,,
2013/08/15,20,10,,,2,3,,
2013/08/15,21,9,,,2,3,,
2013/08/15,22,9,,,2,3,,
2013/08/15,23,9,,,2,3,,
2013/08/15,24,9,,,3,3,,
2013/08/16,01,9,,,3,3,,
2013/08/16,02,9,,,3,3,,
2013/08/16,03,9,,,3,3,,
2013/08/16,04,9,,,2,3,,
2013/08/16,05,20,,,6,3,,
2013/08/16,06,36,,,20,3,,
2013/08/16,07,39,,,26,3,,
2013/08/16,08,88,,,40,3,,
2013/08/16,09,224,,,109,11,,
2013/08/16,10,268,,,202,17,,
2013/08/16,11,282,,,211,20,,
2013/08/16,12,276,,,215,21,,
2013/08/16,13,212,,,173,16,,
2013/08/16,14,291,,,201,17,,
2013/08/16,15,303,,,229,18,,
2013/08/16,16,284,,,222,18,,
2013/08/16,17,274,,,221,18,,
2013/08/16,18,163,,,193,18,,
2013/08/16,19,63,,,49,9,,
2013/08/16,20,50,,,42,7,,
2013/08/16,21,33,,,27,6,,
2013/08/16,22,18,,,11,5,,
2013/08/16,23,17,,,9,4,,
2013/08/16,24,16,,,10,4,,
2013/08/17,01,15,,,9,4,,
2013/08/17,02,14,,,8,3,,
2013/08/17,03,14,,,8,3,,
2013/08/17,04,15,,,7,3,,
2013/08/17,05,18,,,7,3,,
2013/08/17,06,34,,,18,3,,
2013/08/17,07,42,,,26,3,,
2013/08/17,08,75,,,37,3,,
2013/08/17,09,222,,,99,10,,
2013/08/17,10,273,,,208,16,,
2013/08/17,11,281,,,212,17,,
2013/08/17,12,264,,,219,19,,
2013/08/17,13,189,,,156,15,,
2013/08/17,14,268,,,186,15,,
2013/08/17,15,269,,,209,16,,
2013/08/17,16,263,,,193,16,,
2013/08/17,17,262,,,210,16,,
2013/08/17,18,153,,,190,17,,
2013/08/17,19,50,,,42,7,,
2013/08/17,20,47,,,34,5,,
2013/08/17,21,33,,,29,5,,
2013/08/17,22,24,,,15,4,,
2013/08/17,23,12,,,8,3,,
2013/08/17,24,11,,,6,3,,
2013/08/18,01,9,,,4,3,,
2013/08/18,02,9,,,3,3,,
2013/08/18,03,9,,,3,3,,
2013/08/18,04,9,,,3,3,,
2013/08/18,05,9,,,3,3,,
2013/08/18,06,9,,,3,2,,
2013/08/18,07,9,,,3,3,,
2013/08/18,08,9,,,3,3,,
2013/08/18,09,9,,,3,3,,
2013/08/18,10,9,,,3,2,,
2013/08/18,11,9,,,2,3,,
2013/08/18,12,9,,,2,3,,
2013/08/18,13,9,,,2,3,,
2013/08/18,14,9,,,2,2,,
2013/08/18,15,9,,,2,3,,
2013/08/18,16,9,,,2,3,,
2013/08/18,17,9,,,2,3,,
2013/08/18,18,9,,,3,3,,
2013/08/18,19,9,,,2,3,,
2013/08/18,20,9,,,3,3,,
2013/08/18,21,9,,,3,3,,
2013/08/18,22,9,,,3,3,,
2013/08/18,23,9,,,3,3,,
2013/08/18,24,9,,,3,3,,
2013/08/19,01,9,,,3,3,,
2013/08/19,02,9,,,3,3,,
2013/08/19,03,9,,,3,3,,
2013/08/19,04,9,,,3,3,,
2013/08/19,05,20,,,7,3,,
2013/08/19,06,37,,,21,2,,
2013/08/19,07,42,,,26,2,,
2013/08/19,08,87,,,39,3,,
2013/08/19,09,220,,,107,11,,
2013/08/19,10,270,,,209,16,,
2013/08/19,11,281,,,214,18,,
2013/08/19,12,272,,,217,20,,
2013/08/19,13,203,,,165,16,,
2013/08/19,14,266,,,188,16,,
2013/08/19,15,273,,,206,17,,
2013/08/19,16,278,,,204,19,,
2013/08/19,17,284,,,222,19,,
2013/08/19,18,176,,,207,20,,
2013/08/19,19,75,,,60,8,,
2013/08/19,20,56,,,58,6,,
2013/08/19,21,22,,,18,5,,
2013/08/19,22,12,,,7,4,,
2013/08/19,23,11,,,4,3,,
2013/08/19,24,11,,,5,3,,
2013/08/20,01,9,,,3,3,,
2013/08/20,02,9,,,3,3,,
2013/08/20,03,9,,,3,3,,
2013/08/20,04,9,,,3,3,,
2013/08/20,05,20,,,7,3,,
2013/08/20,06,37,,,21,3,,
2013/08/20,07,34,,,25,3,,
2013/08/20,08,63,,,31,3,,
2013/08/20,09,238,,,104,10,,
2013/08/20,10,288,,,223,18,,
2013/08/20,11,275,,,208,18,,
2013/08/20,12,264,,,212,20,,
2013/08/20,13,187,,,160,15,,
2013/08/20,14,256,,,171,16,,
2013/08/20,15,273,,,205,17,,
2013/08/20,16,266,,,200,17,,
2013/08/20,17,270,,,214,17,,
2013/08/20,18,157,,,190,17,,
2013/08/20,19,67,,,53,8,,
2013/08/20,20,45,,,47,6,,
2013/08/20,21,12,,,13,4,,
2013/08/20,22,12,,,4,3,,
2013/08/20,23,12,,,4,3,,
2013/08/20,24,12,,,5,3,,
2013/08/21,01,11,,,5,3,,
2013/08/21,02,9,,,4,3,,
2013/08/21,03,9,,,3,3,,
2013/08/21,04,9,,,3,3,,
2013/08/21,05,20,,,7,3,,
2013/08/21,06,37,,,21,3,,
2013/08/21,07,38,,,24,3,,
2013/08/21,08,64,,,34,3,,
2013/08/21,09,204,,,93,10,,
2013/08/21,10,262,,,192,17,,
2013/08/21,11,270,,,208,18,,
2013/08/21,12,243,,,203,19,,
2013/08/21,13,178,,,144,14,,
2013/08/21,14,259,,,173,14,,
2013/08/21,15,271,,,207,17,,
2013/08/21,16,267,,,201,17,,
2013/08/21,17,255,,,203,18,,
2013/08/21,18,160,,,182,18,,
2013/08/21,19,80,,,60,10,,
2013/08/21,20,55,,,58,8,,
2013/08/21,21,16,,,14,5,,
2013/08/21,22,12,,,5,3,,
2013/08/21,23,12,,,4,3,,
2013/08/21,24,11,,,5,3,,
2013/08/22,01,10,,,4,3,,
2013/08/22,02,10,,,4,3,,
2013/08/22,03,9,,,3,3,,
2013/08/22,04,9,,,3,2,,
2013/08/22,05,20,,,7,2,,
2013/08/22,06,37,,,21,2,,
2013/08/22,07,39,,,26,2,,
2013/08/22,08,71,,,34,3,,
2013/08/22,09,196,,,96,10,,
2013/08/22,10,265,,,189,16,,
2013/08/22,11,267,,,210,17,,
2013/08/22,12,244,,,200,19,,
2013/08/22,13,169,,,145,13,,
2013/08/22,14,258,,,172,14,,
2013/08/22,15,257,,,196,17,,
2013/08/22,16,258,,,189,17,,
2013/08/22,17,271,,,209,16,,
2013/08/22,18,174,,,204,17,,
2013/08/22,19,84,,,65,9,,
2013/08/22,20,56,,,64,7,,
2013/08/22,21,12,,,11,4,,
2013/08/22,22,11,,,4,3,,
2013/08/22,23,10,,,3,3,,
2013/08/22,24,10,,,4,3,,
2013/08/23,01,10,,,4,3,,
2013/08/23,02,9,,,4,3,,
2013/08/23,03,9,,,3,3,,
2013/08/23,04,9,,,3,2,,
2013/08/23,05,21,,,7,2,,
2013/08/23,06,37,,,21,2,,
2013/08/23,07,35,,,24,2,,
2013/08/23,08,74,,,33,3,,
2013/08/23,09,203,,,93,10,,
2013/08/23,10,266,,,202,17,,
2013/08/23,11,260,,,193,19,,
2013/08/23,12,262,,,206,21,,
2013/08/23,13,171,,,151,15,,
2013/08/23,14,270,,,174,16,,
2013/08/23,15,250,,,200,19,,
2013/08/23,16,236,,,179,19,,
2013/08/23,17,214,,,182,18,,
2013/08/23,18,140,,,127,18,,
2013/08/23,19,79,,,71,12,,
2013/08/23,20,54,,,52,8,,
2013/08/23,21,15,,,18,5,,
2013/08/23,22,11,,,5,3,,
2013/08/23,23,11,,,4,3,,
2013/08/23,24,10,,,4,3,,
2013/08/24,01,9,,,4,3,,
2013/08/24,02,9,,,3,3,,
2013/08/24,03,9,,,3,3,,
2013/08/24,04,9,,,3,2,,
2013/08/24,05,17,,,7,2,,
2013/08/24,06,18,,,10,2,,
2013/08/24,07,25,,,11,2,,
2013/08/24,08,31,,,21,3,,
2013/08/24,09,52,,,29,4,,
2013/08/24,10,58,,,41,4,,
2013/08/24,11,63,,,45,5,,
2013/08/24,12,64,,,47,4,,
2013/08/24,13,58,,,45,5,,
2013/08/24,14,70,,,49,5,,
2013/08/24,15,70,,,51,6,,
2013/08/24,16,45,,,39,5,,
2013/08/24,17,29,,,25,4,,
2013/08/24,18,24,,,15,3,,
2013/08/24,19,12,,,10,3,,
2013/08/24,20,10,,,3,3,,
2013/08/24,21,9,,,3,3,,
2013/08/24,22,9,,,3,3,,
2013/08/24,23,9,,,3,3,,
2013/08/24,24,9,,,3,3,,
2013/08/25,01,9,,,3,3,,
2013/08/25,02,9,,,3,3,,
2013/08/25,03,9,,,3,3,,
2013/08/25,04,9,,,3,3,,
2013/08/25,05,9,,,3,2,,
2013/08/25,06,9,,,3,2,,
2013/08/25,07,9,,,3,2,,
2013/08/25,08,20,,,9,3,,
2013/08/25,09,19,,,10,3,,
2013/08/25,10,19,,,10,3,,
2013/08/25,11,19,,,12,3,,
2013/08/25,12,17,,,8,3,,
2013/08/25,13,15,,,8,3,,
2013/08/25,14,16,,,7,2,,
2013/08/25,15,16,,,9,3,,
2013/08/25,16,17,,,8,3,,
2013/08/25,17,12,,,8,3,,
2013/08/25,18,9,,,3,2,,
2013/08/25,19,9,,,3,2,,
2013/08/25,20,9,,,3,3,,
2013/08/25,21,9,,,3,3,,
2013/08/25,22,9,,,3,2,,
2013/08/25,23,9,,,3,2,,
2013/08/25,24,9,,,3,3,,
2013/08/26,01,9,,,3,3,,
2013/08/26,02,9,,,3,3,,
2013/08/26,03,9,,,3,3,,
2013/08/26,04,9,,,3,2,,
2013/08/26,05,20,,,7,2,,
2013/08/26,06,34,,,19,2,,
2013/08/26,07,40,,,31,2,,
2013/08/26,08,82,,,32,3,,
2013/08/26,09,176,,,95,11,,
2013/08/26,10,211,,,160,16,,
2013/08/26,11,213,,,156,17,,
2013/08/26,12,209,,,163,18,,
2013/08/26,13,138,,,120,13,,
2013/08/26,14,220,,,136,13,,
2013/08/26,15,242,,,180,16,,
2013/08/26,16,223,,,171,16,,
2013/08/26,17,232,,,172,16,,
2013/08/26,18,166,,,171,16,,
2013/08/26,19,84,,,76,10,,
2013/08/26,20,32,,,39,8,,
2013/08/26,21,13,,,7,3,,
2013/08/26,22,12,,,5,3,,
2013/08/26,23,12,,,5,3,,
2013/08/26,24,12,,,6,3,,
2013/08/27,01,12,,,6,3,,
2013/08/27,02,11,,,5,3,,
2013/08/27,03,11,,,5,3,,
2013/08/27,04,11,,,4,2,,
2013/08/27,05,22,,,8,2,,
2013/08/27,06,35,,,20,2,,
2013/08/27,07,33,,,25,2,,
2013/08/27,08,62,,,32,3,,
2013/08/27,09,163,,,79,9,,
2013/08/27,10,212,,,147,16,,
2013/08/27,11,225,,,168,17,,
2013/08/27,12,216,,,174,19,,
2013/08/27,13,144,,,122,13,,
2013/08/27,14,225,,,144,14,,
2013/08/27,15,230,,,176,17,,
2013/08/27,16,221,,,167,17,,
2013/08/27,17,231,,,173,17,,
2013/08/27,18,169,,,167,17,,
2013/08/27,19,116,,,87,14,,
2013/08/27,20,52,,,69,11,,
2013/08/27,21,21,,,13,4,,
2013/08/27,22,19,,,11,3,,
2013/08/27,23,16,,,11,3,,
2013/08/27,24,12,,,6,3,,
2013/08/28,01,11,,,5,3,,
2013/08/28,02,10,,,4,3,,
2013/08/28,03,10,,,4,3,,
2013/08/28,04,10,,,4,3,,
2013/08/28,05,22,,,8,3,,
2013/08/28,06,37,,,22,2,,
2013/08/28,07,39,,,27,3,,
2013/08/28,08,67,,,37,3,,
2013/08/28,09,185,,,85,9,,
2013/08/28,10,232,,,172,16,,
2013/08/28,11,239,,,182,17,,
2013/08/28,12,233,,,181,19,,
2013/08/28,13,164,,,140,14,,
2013/08/28,14,248,,,159,13,,
2013/08/28,15,263,,,201,16,,
2013/08/28,16,257,,,195,17,,
2013/08/28,17,260,,,202,17,,
2013/08/28,18,204,,,193,18,,
2013/08/28,19,134,,,110,14,,
2013/08/28,20,60,,,79,12,,
2013/08/28,21,16,,,8,6,,
2013/08/28,22,14,,,6,4,,
2013/08/28,23,14,,,5,4,,
2013/08/28,24,12,,,6,5,,
2013/08/29,01,11,,,5,3,,
2013/08/29,02,10,,,4,3,,
2013/08/29,03,10,,,4,3,,
2013/08/29,04,10,,,3,3,,
2013/08/29,05,21,,,7,3,,
2013/08/29,06,37,,,21,3,,
2013/08/29,07,37,,,26,3,,
2013/08/29,08,64,,,29,3,,
2013/08/29,09,188,,,88,9,,
2013/08/29,10,248,,,185,16,,
2013/08/29,11,249,,,190,16,,
2013/08/29,12,233,,,187,17,,
2013/08/29,13,168,,,138,14,,
2013/08/29,14,258,,,168,15,,
2013/08/29,15,269,,,205,17,,
2013/08/29,16,250,,,190,17,,
2013/08/29,17,263,,,203,18,,
2013/08/29,18,215,,,187,17,,
2013/08/29,19,174,,,140,15,,
2013/08/29,20,105,,,117,14,,
2013/08/29,21,42,,,36,7,,
2013/08/29,22,14,,,15,4,,
2013/08/29,23,13,,,5,3,,
2013/08/29,24,12,,,6,3,,
2013/08/30,01,12,,,6,3,,
2013/08/30,02,12,,,6,3,,
2013/08/30,03,10,,,4,3,,
2013/08/30,04,10,,,3,3,,
2013/08/30,05,22,,,8,3,,
2013/08/30,06,36,,,21,2,,
2013/08/30,07,42,,,26,3,,
2013/08/30,08,83,,,43,3,,
2013/08/30,09,210,,,98,10,,
2013/08/30,10,282,,,207,16,,
2013/08/30,11,287,,,217,17,,
2013/08/30,12,276,,,224,20,,
2013/08/30,13,194,,,160,14,,
2013/08/30,14,303,,,199,16,,
2013/08/30,15,294,,,229,17,,
2013/08/30,16,296,,,223,18,,
2013/08/30,17,272,,,228,19,,
2013/08/30,18,248,,,195,19,,
2013/08/30,19,211,,,168,16,,
2013/08/30,20,135,,,149,15,,
2013/08/30,21,65,,,55,8,,
2013/08/30,22,33,,,36,5,,
2013/08/30,23,22,,,13,3,,
2013/08/30,24,20,,,14,3,,
2013/08/31,01,20,,,13,3,,
2013/08/31,02,19,,,13,3,,
2013/08/31,03,19,,,13,3,,
2013/08/31,04,18,,,10,2,,
2013/08/31,05,29,,,14,2,,
2013/08/31,06,48,,,28,2,,
2013/08/31,07,64,,,44,3,,
2013/08/31,08,93,,,54,3,,
2013/08/31,09,214,,,104,11,,
2013/08/31,10,276,,,207,17,,
2013/08/31,11,280,,,211,19,,
2013/08/31,12,260,,,213,19,,
2013/08/31,13,196,,,157,14,,
2013/08/31,14,288,,,196,15,,
2013/08/31,15,280,,,216,16,,
2013/08/31,16,286,,,218,17,,
2013/08/31,17,289,,,224,18,,
2013/08/31,18,189,,,201,19,,
2013/08/31,19,115,,,88,12,,
2013/08/31,20,70,,,74,10,,
2013/08/31,21,27,,,24,6,,
2013/08/31,22,13,,,8,4,,
2013/08/31,23,11,,,3,4,,
2013/08/31,24,11,,,4,4,,
2013/09/01,01,9,,,4,3,,
2013/09/01,02,9,,,3,3,,
2013/09/01,03,9,,,3,3,,
2013/09/01,04,9,,,3,2,,
2013/09/01,05,16,,,5,3,,
2013/09/01,06,17,,,10,3,,
2013/09/01,07,16,,,10,2,,
2013/09/01,08,12,,,5,2,,
2013/09/01,09,18,,,8,3,,
2013/09/01,10,20,,,10,3,,
2013/09/01,11,20,,,12,3,,
2013/09/01,12,21,,,12,3,,
2013/09/01,13,9,,,6,3,,
2013/09/01,14,14,,,3,2,,
2013/09/01,15,20,,,10,3,,
2013/09/01,16,18,,,12,3,,
2013/09/01,17,13,,,8,3,,
2013/09/01,18,10,,,4,3,,
2013/09/01,19,10,,,3,3,,
2013/09/01,20,9,,,3,3,,
2013/09/01,21,9,,,3,3,,
2013/09/01,22,9,,,3,2,,
2013/09/01,23,9,,,3,2,,
2013/09/01,24,9,,,3,3,,
2013/09/02,01,9,,,3,3,,
2013/09/02,02,9,,,3,3,,
2013/09/02,03,9,,,3,3,,
2013/09/02,04,9,,,3,2,,
2013/09/02,05,20,,,7,3,,
2013/09/02,06,36,,,21,2,,
2013/09/02,07,37,,,26,2,,
2013/09/02,08,74,,,33,3,,
2013/09/02,09,215,,,102,10,,
2013/09/02,10,274,,,206,16,,
2013/09/02,11,260,,,201,18,,
2013/09/02,12,266,,,206,19,,
2013/09/02,13,194,,,163,15,,
2013/09/02,14,276,,,185,15,,
2013/09/02,15,286,,,220,17,,
2013/09/02,16,276,,,212,17,,
2013/09/02,17,277,,,216,18,,
2013/09/02,18,252,,,215,18,,
2013/09/02,19,211,,,164,16,,
2013/09/02,20,139,,,147,15,,
2013/09/02,21,52,,,60,10,,
2013/09/02,22,16,,,11,5,,
2013/09/02,23,15,,,6,4,,
2013/09/02,24,14,,,7,4,,
2013/09/03,01,12,,,5,4,,
2013/09/03,02,12,,,5,4,,
2013/09/03,03,12,,,5,4,,
2013/09/03,04,11,,,4,3,,
2013/09/03,05,23,,,8,3,,
2013/09/03,06,38,,,22,3,,
2013/09/03,07,53,,,28,3,,
2013/09/03,08,85,,,52,4,,
2013/09/03,09,235,,,115,11,,
2013/09/03,10,292,,,218,17,,
2013/09/03,11,292,,,227,18,,
2013/09/03,12,269,,,223,18,,
2013/09/03,13,192,,,160,14,,
2013/09/03,14,288,,,187,16,,
2013/09/03,15,286,,,224,18,,
2013/09/03,16,270,,,208,18,,
2013/09/03,17,273,,,210,18,,
2013/09/03,18,243,,,205,18,,
2013/09/03,19,192,,,153,16,,
2013/09/03,20,124,,,133,15,,
2013/09/03,21,45,,,53,10,,
2013/09/03,22,14,,,8,4,,
2013/09/03,23,13,,,5,3,,
2013/09/03,24,12,,,6,4,,
2013/09/04,01,11,,,5,4,,
2013/09/04,02,11,,,4,4,,
2013/09/04,03,11,,,4,3,,
2013/09/04,04,10,,,3,3,,
2013/09/04,05,22,,,7,3,,
2013/09/04,06,36,,,21,3,,
2013/09/04,07,36,,,26,3,,
2013/09/04,08,76,,,34,3,,
2013/09/04,09,192,,,91,11,,
2013/09/04,10,260,,,189,17,,
2013/09/04,11,252,,,199,17,,
2013/09/04,12,240,,,194,17,,
2013/09/04,13,174,,,144,14,,
2013/09/04,14,257,,,173,14,,
2013/09/04,15,256,,,197,16,,
2013/09/04,16,238,,,184,17,,
2013/09/04,17,257,,,192,17,,
2013/09/04,18,241,,,195,18,,
2013/09/04,19,186,,,161,16,,
2013/09/04,20,92,,,119,15,,
2013/09/04,21,17,,,12,8,,
2013/09/04,22,14,,,6,4,,
2013/09/04,23,13,,,5,4,,
2013/09/04,24,12,,,5,4,,
2013/09/05,01,11,,,5,3,,
2013/09/05,02,11,,,5,3,,
2013/09/05,03,10,,,4,3,,
2013/09/05,04,9,,,3,2,,
2013/09/05,05,21,,,7,2,,
2013/09/05,06,37,,,21,2,,
2013/09/05,07,34,,,25,2,,
2013/09/05,08,83,,,36,3,,
2013/09/05,09,173,,,87,10,,
2013/09/05,10,223,,,165,15,,
2013/09/05,11,235,,,180,15,,
2013/09/05,12,221,,,179,16,,
2013/09/05,13,156,,,135,12,,
2013/09/05,14,238,,,154,13,,
2013/09/05,15,249,,,192,17,,
2013/09/05,16,240,,,180,17,,
2013/09/05,17,259,,,190,17,,
2013/09/05,18,242,,,206,17,,
2013/09/05,19,195,,,157,16,,
2013/09/05,20,105,,,135,13,,
2013/09/05,21,23,,,25,6,,
2013/09/05,22,14,,,6,4,,
2013/09/05,23,13,,,4,4,,
2013/09/05,24,11,,,5,4,,
2013/09/06,01,11,,,4,3,,
2013/09/06,02,10,,,4,3,,
2013/09/06,03,9,,,3,3,,
2013/09/06,04,9,,,3,2,,
2013/09/06,05,21,,,7,2,,
2013/09/06,06,37,,,21,2,,
2013/09/06,07,35,,,25,2,,
2013/09/06,08,65,,,29,3,,
2013/09/06,09,185,,,84,10,,
2013/09/06,10,234,,,180,15,,
2013/09/06,11,239,,,182,16,,
2013/09/06,12,225,,,182,17,,
2013/09/06,13,151,,,132,12,,
2013/09/06,14,234,,,151,15,,
2013/09/06,15,245,,,181,18,,
2013/09/06,16,239,,,183,18,,
2013/09/06,17,209,,,181,18,,
2013/09/06,18,150,,,133,18,,
2013/09/06,19,113,,,90,11,,
2013/09/06,20,73,,,82,10,,
2013/09/06,21,27,,,25,6,,
2013/09/06,22,11,,,8,4,,
2013/09/06,23,11,,,4,3,,
2013/09/06,24,11,,,5,3,,
2013/09/07,01,10,,,4,3,,
2013/09/07,02,10,,,4,3,,
2013/09/07,03,10,,,4,3,,
2013/09/07,04,9,,,3,3,,
2013/09/07,05,10,,,3,3,,
2013/09/07,06,9,,,3,3,,
2013/09/07,07,9,,,3,3,,
2013/09/07,08,9,,,3,2,,
2013/09/07,09,24,,,6,3,,
2013/09/07,10,31,,,20,4,,
2013/09/07,11,30,,,18,4,,
2013/09/07,12,31,,,19,4,,
2013/09/07,13,32,,,20,4,,
2013/09/07,14,30,,,21,4,,
2013/09/07,15,27,,,17,4,,
2013/09/07,16,12,,,9,3,,
2013/09/07,17,10,,,4,3,,
2013/09/07,18,10,,,3,3,,
2013/09/07,19,10,,,3,3,,
2013/09/07,20,10,,,3,3,,
2013/09/07,21,9,,,3,3,,
2013/09/07,22,9,,,3,3,,
2013/09/07,23,9,,,3,3,,
2013/09/07,24,9,,,3,3,,
2013/09/08,01,9,,,3,3,,
2013/09/08,02,9,,,3,3,,
2013/09/08,03,9,,,3,3,,
2013/09/08,04,9,,,3,3,,
2013/09/08,05,9,,,3,3,,
2013/09/08,06,9,,,3,2,,
2013/09/08,07,9,,,3,3,,
2013/09/08,08,9,,,3,3,,
2013/09/08,09,9,,,3,3,,
2013/09/08,10,15,,,4,3,,
2013/09/08,11,17,,,9,3,,
2013/09/08,12,16,,,8,3,,
2013/09/08,13,16,,,5,4,,
2013/09/08,14,18,,,11,4,,
2013/09/08,15,17,,,9,3,,
2013/09/08,16,9,,,4,3,,
2013/09/08,17,9,,,3,2,,
2013/09/08,18,9,,,3,2,,
2013/09/08,19,9,,,3,2,,
2013/09/08,20,9,,,3,2,,
2013/09/08,21,9,,,3,2,,
2013/09/08,22,9,,,3,2,,
2013/09/08,23,9,,,3,2,,
2013/09/08,24,9,,,3,2,,
2013/09/09,01,9,,,3,2,,
2013/09/09,02,9,,,3,3,,
2013/09/09,03,9,,,3,2,,
2013/09/09,04,9,,,3,2,,
2013/09/09,05,21,,,7,2,,
2013/09/09,06,37,,,22,2,,
2013/09/09,07,35,,,26,2,,
2013/09/09,08,57,,,29,2,,
2013/09/09,09,165,,,75,10,,
2013/09/09,10,223,,,159,15,,
2013/09/09,11,239,,,177,18,,
2013/09/09,12,218,,,177,19,,
2013/09/09,13,143,,,124,12,,
2013/09/09,14,241,,,156,14,,
2013/09/09,15,230,,,179,16,,
2013/09/09,16,220,,,169,16,,
2013/09/09,17,235,,,179,16,,
2013/09/09,18,196,,,170,16,,
2013/09/09,19,159,,,126,14,,
2013/09/09,20,96,,,104,13,,
2013/09/09,21,29,,,33,8,,
2013/09/09,22,13,,,6,4,,
2013/09/09,23,13,,,5,4,,
2013/09/09,24,12,,,5,4,,
2013/09/10,01,11,,,5,3,,
2013/09/10,02,11,,,4,3,,
2013/09/10,03,11,,,4,3,,
2013/09/10,04,10,,,4,3,,
2013/09/10,05,21,,,7,3,,
2013/09/10,06,38,,,21,3,,
2013/09/10,07,40,,,29,3,,
2013/09/10,08,67,,,33,3,,
2013/09/10,09,162,,,76,10,,
2013/09/10,10,212,,,150,16,,
2013/09/10,11,219,,,161,17,,
2013/09/10,12,221,,,173,18,,
2013/09/10,13,148,,,127,12,,
2013/09/10,14,233,,,151,14,,
2013/09/10,15,237,,,181,17,,
2013/09/10,16,229,,,170,17,,
2013/09/10,17,240,,,182,17,,
2013/09/10,18,232,,,182,17,,
2013/09/10,19,212,,,169,17,,
2013/09/10,20,130,,,157,16,,
2013/09/10,21,39,,,34,9,,
2013/09/10,22,14,,,16,4,,
2013/09/10,23,12,,,5,3,,
2013/09/10,24,11,,,5,4,,
2013/09/11,01,11,,,4,3,,
2013/09/11,02,10,,,4,3,,
2013/09/11,03,10,,,4,3,,
2013/09/11,04,9,,,3,3,,
2013/09/11,05,21,,,7,3,,
2013/09/11,06,37,,,21,2,,
2013/09/11,07,35,,,27,3,,
2013/09/11,08,66,,,31,3,,
2013/09/11,09,161,,,77,10,,
2013/09/11,10,214,,,154,16,,
2013/09/11,11,226,,,168,17,,
2013/09/11,12,204,,,165,18,,
2013/09/11,13,131,,,115,13,,
2013/09/11,14,213,,,133,14,,
2013/09/11,15,224,,,172,16,,
2013/09/11,16,218,,,161,17,,
2013/09/11,17,243,,,181,17,,
2013/09/11,18,203,,,177,17,,
2013/09/11,19,180,,,136,15,,
2013/09/11,20,104,,,129,14,,
2013/09/11,21,37,,,27,8,,
2013/09/11,22,15,,,11,6,,
2013/09/11,23,12,,,4,5,,
2013/09/11,24,11,,,5,4,,
2013/09/12,01,11,,,5,3,,
2013/09/12,02,10,,,4,3,,
2013/09/12,03,9,,,3,3,,
2013/09/12,04,9,,,3,3,,
2013/09/12,05,20,,,7,2,,
2013/09/12,06,37,,,21,2,,
2013/09/12,07,33,,,26,2,,
2013/09/12,08,49,,,26,3,,
2013/09/12,09,169,,,69,10,,
2013/09/12,10,233,,,165,17,,
2013/09/12,11,239,,,179,17,,
2013/09/12,12,238,,,187,18,,
2013/09/12,13,166,,,143,14,,
2013/09/12,14,253,,,164,14,,
2013/09/12,15,252,,,196,16,,
2013/09/12,16,249,,,185,16,,
2013/09/12,17,241,,,193,16,,
2013/09/12,18,201,,,179,16,,
2013/09/12,19,154,,,123,14,,
2013/09/12,20,76,,,92,13,,
2013/09/12,21,35,,,23,7,,
2013/09/12,22,12,,,12,4,,
2013/09/12,23,12,,,4,3,,
2013/09/12,24,11,,,5,3,,
2013/09/13,01,11,,,5,3,,
2013/09/13,02,10,,,4,3,,
2013/09/13,03,10,,,4,3,,
2013/09/13,04,10,,,3,3,,
2013/09/13,05,21,,,7,3,,
2013/09/13,06,38,,,21,3,,
2013/09/13,07,37,,,27,3,,
2013/09/13,08,54,,,30,3,,
2013/09/13,09,195,,,91,8,,
2013/09/13,10,237,,,176,15,,
2013/09/13,11,237,,,184,15,,
2013/09/13,12,220,,,181,18,,
2013/09/13,13,156,,,131,12,,
2013/09/13,14,239,,,163,14,,
2013/09/13,15,232,,,177,16,,
2013/09/13,16,225,,,169,16,,
2013/09/13,17,232,,,181,16,,
2013/09/13,18,202,,,167,16,,
2013/09/13,19,156,,,135,15,,
2013/09/13,20,83,,,94,15,,
2013/09/13,21,26,,,27,7,,
2013/09/13,22,12,,,5,4,,
2013/09/13,23,12,,,4,4,,
2013/09/13,24,11,,,4,4,,
2013/09/14,01,9,,,3,3,,
2013/09/14,02,9,,,3,3,,
2013/09/14,03,9,,,3,3,,
2013/09/14,04,9,,,3,2,,
2013/09/14,05,12,,,3,2,,
2013/09/14,06,27,,,14,2,,
2013/09/14,07,27,,,19,2,,
2013/09/14,08,51,,,23,3,,
2013/09/14,09,189,,,82,9,,
2013/09/14,10,227,,,173,15,,
2013/09/14,11,238,,,183,16,,
2013/09/14,12,226,,,180,17,,
2013/09/14,13,158,,,138,12,,
2013/09/14,14,222,,,148,12,,
2013/09/14,15,221,,,173,14,,
2013/09/14,16,220,,,168,14,,
2013/09/14,17,203,,,161,15,,
2013/09/14,18,111,,,137,15,,
2013/09/14,19,17,,,25,6,,
2013/09/14,20,12,,,5,3,,
2013/09/14,21,11,,,4,3,,
2013/09/14,22,11,,,4,3,,
2013/09/14,23,11,,,4,3,,
2013/09/14,24,10,,,4,3,,
2013/09/15,01,9,,,3,3,,
2013/09/15,02,9,,,3,3,,
2013/09/15,03,9,,,3,3,,
2013/09/15,04,9,,,2,3,,
2013/09/15,05,9,,,3,3,,
2013/09/15,06,9,,,3,2,,
2013/09/15,07,9,,,3,3,,
2013/09/15,08,9,,,3,2,,
2013/09/15,09,9,,,3,2,,
2013/09/15,10,9,,,3,2,,
2013/09/15,11,9,,,3,2,,
2013/09/15,12,15,,,4,3,,
2013/09/15,13,14,,,9,3,,
2013/09/15,14,13,,,4,2,,
2013/09/15,15,17,,,9,3,,
2013/09/15,16,9,,,6,3,,
2013/09/15,17,9,,,3,3,,
2013/09/15,18,9,,,3,3,,
2013/09/15,19,9,,,3,3,,
2013/09/15,20,9,,,3,3,,
2013/09/15,21,9,,,3,3,,
2013/09/15,22,9,,,3,2,,
2013/09/15,23,9,,,3,3,,
2013/09/15,24,9,,,3,3,,
2013/09/16,01,9,,,3,3,,
2013/09/16,02,9,,,3,3,,
2013/09/16,03,9,,,3,3,,
2013/09/16,04,9,,,3,3,,
2013/09/16,05,9,,,3,2,,
2013/09/16,06,20,,,8,2,,
2013/09/16,07,16,,,13,3,,
2013/09/16,08,15,,,9,2,,
2013/09/16,09,16,,,8,2,,
2013/09/16,10,15,,,9,2,,
2013/09/16,11,14,,,8,2,,
2013/09/16,12,9,,,5,2,,
2013/09/16,13,9,,,3,2,,
2013/09/16,14,9,,,2,2,,
2013/09/16,15,9,,,3,2,,
2013/09/16,16,9,,,3,2,,
2013/09/16,17,9,,,3,3,,
2013/09/16,18,9,,,3,2,,
2013/09/16,19,9,,,3,3,,
2013/09/16,20,9,,,3,3,,
2013/09/16,21,9,,,3,3,,
2013/09/16,22,9,,,2,2,,
2013/09/16,23,9,,,3,2,,
2013/09/16,24,9,,,3,3,,
2013/09/17,01,9,,,3,3,,
2013/09/17,02,9,,,3,3,,
2013/09/17,03,9,,,3,3,,
2013/09/17,04,9,,,3,2,,
2013/09/17,05,21,,,7,2,,
2013/09/17,06,37,,,21,2,,
2013/09/17,07,36,,,27,2,,
2013/09/17,08,54,,,30,3,,
2013/09/17,09,142,,,59,10,,
2013/09/17,10,197,,,137,16,,
2013/09/17,11,209,,,151,17,,
2013/09/17,12,202,,,158,17,,
2013/09/17,13,138,,,116,13,,
2013/09/17,14,222,,,142,13,,
2013/09/17,15,220,,,173,16,,
2013/09/17,16,212,,,159,16,,
2013/09/17,17,219,,,167,17,,
2013/09/17,18,166,,,153,16,,
2013/09/17,19,145,,,106,14,,
2013/09/17,20,97,,,107,13,,
2013/09/17,21,26,,,30,7,,
2013/09/17,22,13,,,7,4,,
2013/09/17,23,13,,,5,3,,
2013/09/17,24,11,,,5,3,,
2013/09/18,01,11,,,5,3,,
2013/09/18,02,11,,,5,3,,
2013/09/18,03,10,,,4,3,,
2013/09/18,04,9,,,3,2,,
2013/09/18,05,21,,,7,2,,
2013/09/18,06,45,,,23,2,,
2013/09/18,07,45,,,37,2,,
2013/09/18,08,48,,,33,3,,
2013/09/18,09,166,,,64,9,,
2013/09/18,10,225,,,163,17,,
2013/09/18,11,234,,,173,18,,
2013/09/18,12,228,,,175,19,,
2013/09/18,13,160,,,137,13,,
2013/09/18,14,227,,,157,14,,
2013/09/18,15,229,,,178,16,,
2013/09/18,16,218,,,163,15,,
2013/09/18,17,235,,,179,16,,
2013/09/18,18,199,,,171,16,,
2013/09/18,19,167,,,132,16,,
2013/09/18,20,87,,,106,16,,
2013/09/18,21,29,,,23,7,,
2013/09/18,22,27,,,17,4,,
2013/09/18,23,13,,,9,4,,
2013/09/18,24,11,,,5,3,,
2013/09/19,01,11,,,4,3,,
2013/09/19,02,10,,,4,3,,
2013/09/19,03,9,,,4,3,,
2013/09/19,04,9,,,3,2,,
2013/09/19,05,21,,,7,2,,
2013/09/19,06,37,,,22,2,,
2013/09/19,07,31,,,26,2,,
2013/09/19,08,43,,,22,3,,
2013/09/19,09,123,,,47,10,,
2013/09/19,10,193,,,133,16,,
2013/09/19,11,205,,,149,16,,
2013/09/19,12,194,,,153,16,,
2013/09/19,13,142,,,120,12,,
2013/09/19,14,220,,,143,14,,
2013/09/19,15,211,,,167,16,,
2013/09/19,16,199,,,146,16,,
2013/09/19,17,211,,,156,15,,
2013/09/19,18,184,,,164,15,,
2013/09/19,19,154,,,117,14,,
2013/09/19,20,103,,,110,14,,
2013/09/19,21,39,,,37,8,,
2013/09/19,22,29,,,18,6,,
2013/09/19,23,15,,,10,5,,
2013/09/19,24,13,,,7,3,,
2013/09/20,01,12,,,6,3,,
2013/09/20,02,12,,,5,3,,
2013/09/20,03,11,,,5,3,,
2013/09/20,04,10,,,4,3,,
2013/09/20,05,22,,,7,3,,
2013/09/20,06,38,,,22,3,,
2013/09/20,07,38,,,27,3,,
2013/09/20,08,56,,,29,4,,
2013/09/20,09,155,,,68,10,,
2013/09/20,10,209,,,150,15,,
2013/09/20,11,220,,,162,17,,
2013/09/20,12,213,,,173,17,,
2013/09/20,13,150,,,124,12,,
2013/09/20,14,228,,,150,13,,
2013/09/20,15,239,,,183,15,,
2013/09/20,16,224,,,168,16,,
2013/09/20,17,236,,,179,16,,
2013/09/20,18,176,,,177,16,,
2013/09/20,19,114,,,92,14,,
2013/09/20,20,69,,,65,13,,
2013/09/20,21,44,,,34,7,,
2013/09/20,22,37,,,27,5,,
2013/09/20,23,20,,,22,5,,
2013/09/20,24,11,,,5,3,,
2013/09/21,01,11,,,5,3,,
2013/09/21,02,10,,,4,3,,
2013/09/21,03,9,,,3,3,,
2013/09/21,04,9,,,3,2,,
2013/09/21,05,20,,,7,2,,
2013/09/21,06,44,,,23,2,,
2013/09/21,07,52,,,37,2,,
2013/09/21,08,76,,,43,4,,
2013/09/21,09,190,,,91,10,,
2013/09/21,10,242,,,180,16,,
2013/09/21,11,264,,,196,18,,
2013/09/21,12,241,,,197,18,,
2013/09/21,13,172,,,145,14,,
2013/09/21,14,240,,,164,14,,
2013/09/21,15,231,,,178,17,,
2013/09/21,16,231,,,175,17,,
2013/09/21,17,226,,,178,17,,
2013/09/21,18,128,,,140,16,,
2013/09/21,19,85,,,66,11,,
2013/09/21,20,61,,,57,8,,
2013/09/21,21,41,,,29,7,,
2013/09/21,22,36,,,28,6,,
2013/09/21,23,12,,,10,4,,
2013/09/21,24,11,,,5,4,,
2013/09/22,01,10,,,4,4,,
2013/09/22,02,10,,,3,4,,
2013/09/22,03,9,,,3,3,,
2013/09/22,04,9,,,3,3,,
2013/09/22,05,10,,,3,3,,
2013/09/22,06,11,,,4,3,,
2013/09/22,07,10,,,4,3,,
2013/09/22,08,10,,,4,3,,
2013/09/22,09,10,,,3,3,,
2013/09/22,10,25,,,8,3,,
2013/09/22,11,48,,,27,4,,
2013/09/22,12,48,,,34,4,,
2013/09/22,13,41,,,31,4,,
2013/09/22,14,16,,,21,3,,
2013/09/22,15,9,,,3,3,,
2013/09/22,16,10,,,3,3,,
2013/09/22,17,9,,,3,3,,
2013/09/22,18,9,,,3,3,,
2013/09/22,19,9,,,3,3,,
2013/09/22,20,9,,,3,3,,
2013/09/22,21,9,,,3,3,,
2013/09/22,22,9,,,3,3,,
2013/09/22,23,9,,,3,3,,
2013/09/22,24,9,,,3,3,,
2013/09/23,01,9,,,3,3,,
2013/09/23,02,9,,,3,3,,
2013/09/23,03,9,,,3,3,,
2013/09/23,04,9,,,3,2,,
2013/09/23,05,10,,,3,2,,
2013/09/23,06,22,,,8,2,,
2013/09/23,07,28,,,16,2,,
2013/09/23,08,44,,,22,4,,
2013/09/23,09,48,,,36,4,,
2013/09/23,10,54,,,38,4,,
2013/09/23,11,54,,,40,4,,
2013/09/23,12,51,,,39,4,,
2013/09/23,13,45,,,34,4,,
2013/09/23,14,48,,,36,4,,
2013/09/23,15,47,,,33,4,,
2013/09/23,16,40,,,31,4,,
2013/09/23,17,40,,,30,3,,
2013/09/23,18,21,,,25,3,,
2013/09/23,19,9,,,3,3,,
2013/09/23,20,9,,,3,3,,
2013/09/23,21,9,,,3,2,,
2013/09/23,22,9,,,3,2,,
2013/09/23,23,9,,,3,2,,
2013/09/23,24,9,,,3,3,,
2013/09/24,01,9,,,3,3,,
2013/09/24,02,9,,,3,3,,
2013/09/24,03,9,,,3,3,,
2013/09/24,04,9,,,3,2,,
2013/09/24,05,20,,,7,2,,
2013/09/24,06,45,,,23,2,,
2013/09/24,07,45,,,39,2,,
2013/09/24,08,54,,,31,2,,
2013/09/24,09,148,,,65,9,,
2013/09/24,10,192,,,138,15,,
2013/09/24,11,208,,,159,16,,
2013/09/24,12,205,,,157,17,,
2013/09/24,13,134,,,114,12,,
2013/09/24,14,229,,,147,13,,
2013/09/24,15,226,,,175,15,,
2013/09/24,16,227,,,168,15,,
2013/09/24,17,237,,,185,15,,
2013/09/24,18,217,,,177,15,,
2013/09/24,19,210,,,159,16,,
2013/09/24,20,146,,,155,15,,
2013/09/24,21,49,,,50,9,,
2013/09/24,22,15,,,16,5,,
2013/09/24,23,12,,,5,3,,
2013/09/24,24,11,,,5,3,,
2013/09/25,01,11,,,4,3,,
2013/09/25,02,10,,,4,3,,
2013/09/25,03,10,,,4,3,,
2013/09/25,04,10,,,3,3,,
2013/09/25,05,23,,,7,3,,
2013/09/25,06,43,,,24,2,,
2013/09/25,07,42,,,34,3,,
2013/09/25,08,65,,,34,4,,
2013/09/25,09,160,,,68,10,,
2013/09/25,10,215,,,163,15,,
2013/09/25,11,218,,,164,16,,
2013/09/25,12,212,,,170,16,,
2013/09/25,13,142,,,120,12,,
2013/09/25,14,225,,,148,13,,
2013/09/25,15,229,,,178,15,,
2013/09/25,16,221,,,161,16,,
2013/09/25,17,235,,,183,17,,
2013/09/25,18,228,,,176,17,,
2013/09/25,19,211,,,166,17,,
2013/09/25,20,146,,,157,16,,
2013/09/25,21,56,,,61,10,,
2013/09/25,22,15,,,14,5,,
2013/09/25,23,14,,,6,4,,
2013/09/25,24,12,,,6,4,,
2013/09/26,01,11,,,5,3,,
2013/09/26,02,10,,,4,3,,
2013/09/26,03,10,,,4,3,,
2013/09/26,04,9,,,3,3,,
2013/09/26,05,23,,,7,3,,
2013/09/26,06,36,,,23,2,,
2013/09/26,07,34,,,25,3,,
2013/09/26,08,53,,,32,4,,
2013/09/26,09,158,,,64,10,,
2013/09/26,10,205,,,153,16,,
2013/09/26,11,199,,,153,17,,
2013/09/26,12,187,,,149,17,,
2013/09/26,13,118,,,105,11,,
2013/09/26,14,171,,,117,13,,
2013/09/26,15,190,,,135,16,,
2013/09/26,16,177,,,134,16,,
2013/09/26,17,184,,,136,16,,
2013/09/26,18,178,,,139,16,,
2013/09/26,19,162,,,126,16,,
2013/09/26,20,94,,,116,15,,
2013/09/26,21,30,,,30,6,,
2013/09/26,22,14,,,9,4,,
2013/09/26,23,12,,,5,3,,
2013/09/26,24,11,,,5,3,,
2013/09/27,01,11,,,5,3,,
2013/09/27,02,10,,,4,3,,
2013/09/27,03,10,,,4,3,,
2013/09/27,04,9,,,3,3,,
2013/09/27,05,23,,,7,3,,
2013/09/27,06,37,,,23,2,,
2013/09/27,07,30,,,26,2,,
2013/09/27,08,40,,,22,3,,
2013/09/27,09,135,,,49,10,,
2013/09/27,10,179,,,131,16,,
2013/09/27,11,189,,,138,16,,
2013/09/27,12,175,,,143,17,,
2013/09/27,13,109,,,90,12,,
2013/09/27,14,180,,,118,13,,
2013/09/27,15,187,,,138,15,,
2013/09/27,16,181,,,134,15,,
2013/09/27,17,185,,,139,16,,
2013/09/27,18,174,,,139,17,,
2013/09/27,19,167,,,125,16,,
2013/09/27,20,90,,,114,16,,
2013/09/27,21,15,,,16,6,,
2013/09/27,22,14,,,7,3,,
2013/09/27,23,12,,,5,3,,
2013/09/27,24,11,,,5,3,,
2013/09/28,01,11,,,5,3,,
2013/09/28,02,11,,,5,3,,
2013/09/28,03,10,,,4,3,,
2013/09/28,04,9,,,3,3,,
2013/09/28,05,23,,,7,2,,
2013/09/28,06,42,,,24,2,,
2013/09/28,07,36,,,33,2,,
2013/09/28,08,52,,,29,3,,
2013/09/28,09,125,,,56,9,,
2013/09/28,10,157,,,115,15,,
2013/09/28,11,170,,,119,15,,
2013/09/28,12,171,,,136,16,,
2013/09/28,13,109,,,93,10,,
2013/09/28,14,173,,,112,11,,
2013/09/28,15,167,,,127,15,,
2013/09/28,16,156,,,116,15,,
2013/09/28,17,139,,,122,15,,
2013/09/28,18,78,,,78,14,,
2013/09/28,19,41,,,33,9,,
2013/09/28,20,26,,,22,6,,
2013/09/28,21,13,,,7,5,,
2013/09/28,22,11,,,5,3,,
2013/09/28,23,11,,,4,3,,
2013/09/28,24,10,,,4,3,,
2013/09/29,01,10,,,4,3,,
2013/09/29,02,10,,,4,3,,
2013/09/29,03,10,,,4,3,,
2013/09/29,04,10,,,3,2,,
2013/09/29,05,10,,,3,2,,
2013/09/29,06,10,,,3,2,,
2013/09/29,07,10,,,3,2,,
2013/09/29,08,11,,,4,3,,
2013/09/29,09,11,,,4,3,,
2013/09/29,10,10,,,3,2,,
2013/09/29,11,10,,,4,3,,
2013/09/29,12,10,,,4,3,,
2013/09/29,13,10,,,3,2,,
2013/09/29,14,10,,,3,2,,
2013/09/29,15,10,,,3,3,,
2013/09/29,16,10,,,3,2,,
2013/09/29,17,10,,,3,3,,
2013/09/29,18,10,,,3,3,,
2013/09/29,19,10,,,3,3,,
2013/09/29,20,10,,,3,3,,
2013/09/29,21,10,,,3,3,,
2013/09/29,22,10,,,3,2,,
2013/09/29,23,10,,,3,3,,
2013/09/29,24,10,,,4,3,,
2013/09/30,01,10,,,4,3,,
2013/09/30,02,10,,,4,3,,
2013/09/30,03,10,,,4,3,,
2013/09/30,04,10,,,3,2,,
2013/09/30,05,22,,,8,2,,
2013/09/30,06,43,,,23,2,,
2013/09/30,07,38,,,36,2,,
2013/09/30,08,54,,,26,3,,
2013/09/30,09,137,,,58,10,,
2013/09/30,10,187,,,136,15,,
2013/09/30,11,194,,,144,15,,
2013/09/30,12,173,,,144,15,,
2013/09/30,13,121,,,96,11,,
2013/09/30,14,187,,,124,14,,
2013/09/30,15,183,,,138,15,,
2013/09/30,16,180,,,130,15,,
2013/09/30,17,199,,,149,16,,
2013/09/30,18,192,,,146,16,,
2013/09/30,19,178,,,138,16,,
2013/09/30,20,103,,,120,16,,
2013/09/30,21,23,,,25,7,,
2013/09/30,22,14,,,8,4,,
2013/09/30,23,13,,,6,3,,
2013/09/30,24,12,,,5,4,,
2013/10/01,01,11,,,5,3,,
2013/10/01,02,11,,,5,3,,
2013/10/01,03,10,,,4,3,,
2013/10/01,04,9,,,3,3,,
2013/10/01,05,23,,,7,3,,
2013/10/01,06,45,,,24,3,,
2013/10/01,07,44,,,35,2,,
2013/10/01,08,58,,,30,3,,
2013/10/01,09,135,,,61,10,,
2013/10/01,10,183,,,132,15,,
2013/10/01,11,184,,,140,16,,
2013/10/01,12,180,,,142,16,,
2013/10/01,13,119,,,99,12,,
2013/10/01,14,203,,,129,13,,
2013/10/01,15,213,,,161,15,,
2013/10/01,16,204,,,149,15,,
2013/10/01,17,222,,,169,16,,
2013/10/01,18,211,,,165,17,,
2013/10/01,19,185,,,146,16,,
2013/10/01,20,102,,,136,16,,
2013/10/01,21,16,,,14,6,,
2013/10/01,22,14,,,7,3,,
2013/10/01,23,13,,,6,3,,
2013/10/01,24,11,,,6,3,,
2013/10/02,01,11,,,5,3,,
2013/10/02,02,10,,,4,3,,
2013/10/02,03,10,,,4,3,,
2013/10/02,04,9,,,3,2,,
2013/10/02,05,23,,,7,2,,
2013/10/02,06,44,,,24,3,,
2013/10/02,07,47,,,35,3,,
2013/10/02,08,51,,,34,4,,
2013/10/02,09,149,,,57,10,,
2013/10/02,10,207,,,153,16,,
2013/10/02,11,219,,,161,16,,
2013/10/02,12,199,,,166,16,,
2013/10/02,13,122,,,107,10,,
2013/10/02,14,212,,,134,13,,
2013/10/02,15,215,,,163,15,,
2013/10/02,16,221,,,163,15,,
2013/10/02,17,214,,,167,17,,
2013/10/02,18,180,,,154,17,,
2013/10/02,19,155,,,116,15,,
2013/10/02,20,92,,,113,14,,
2013/10/02,21,19,,,15,9,,
2013/10/02,22,15,,,6,5,,
2013/10/02,23,13,,,5,4,,
2013/10/02,24,13,,,5,4,,
2013/10/03,01,10,,,4,4,,
2013/10/03,02,10,,,4,3,,
2013/10/03,03,10,,,3,3,,
2013/10/03,04,10,,,3,3,,
2013/10/03,05,23,,,7,3,,
2013/10/03,06,45,,,24,3,,
2013/10/03,07,50,,,37,3,,
2013/10/03,08,62,,,38,4,,
2013/10/03,09,165,,,69,10,,
2013/10/03,10,237,,,167,17,,
2013/10/03,11,243,,,184,17,,
2013/10/03,12,217,,,179,17,,
2013/10/03,13,152,,,128,13,,
2013/10/03,14,235,,,151,13,,
2013/10/03,15,247,,,190,16,,
2013/10/03,16,236,,,177,16,,
2013/10/03,17,239,,,190,16,,
2013/10/03,18,199,,,173,17,,
2013/10/03,19,169,,,130,15,,
2013/10/03,20,97,,,114,15,,
2013/10/03,21,23,,,24,8,,
2013/10/03,22,14,,,6,3,,
2013/10/03,23,13,,,5,3,,
2013/10/03,24,12,,,6,3,,
2013/10/04,01,12,,,6,3,,
2013/10/04,02,11,,,5,3,,
2013/10/04,03,11,,,5,3,,
2013/10/04,04,11,,,4,3,,
2013/10/04,05,24,,,8,3,,
2013/10/04,06,44,,,25,2,,
2013/10/04,07,39,,,35,2,,
2013/10/04,08,46,,,29,3,,
2013/10/04,09,139,,,53,9,,
2013/10/04,10,178,,,134,16,,
2013/10/04,11,180,,,133,15,,
2013/10/04,12,178,,,141,16,,
2013/10/04,13,108,,,95,11,,
2013/10/04,14,189,,,117,13,,
2013/10/04,15,193,,,149,15,,
2013/10/04,16,191,,,139,15,,
2013/10/04,17,202,,,158,16,,
2013/10/04,18,158,,,138,16,,
2013/10/04,19,135,,,99,15,,
2013/10/04,20,86,,,95,14,,
2013/10/04,21,22,,,22,8,,
2013/10/04,22,13,,,6,3,,
2013/10/04,23,13,,,5,3,,
2013/10/04,24,12,,,5,3,,
2013/10/05,01,11,,,5,3,,
2013/10/05,02,11,,,5,3,,
2013/10/05,03,11,,,5,3,,
2013/10/05,04,10,,,3,2,,
2013/10/05,05,23,,,8,2,,
2013/10/05,06,43,,,24,2,,
2013/10/05,07,40,,,35,2,,
2013/10/05,08,44,,,27,3,,
2013/10/05,09,125,,,50,8,,
2013/10/05,10,178,,,125,14,,
2013/10/05,11,191,,,142,15,,
2013/10/05,12,180,,,152,15,,
2013/10/05,13,107,,,94,10,,
2013/10/05,14,179,,,116,12,,
2013/10/05,15,190,,,143,14,,
2013/10/05,16,180,,,138,14,,
2013/10/05,17,162,,,144,14,,
2013/10/05,18,80,,,92,14,,
2013/10/05,19,16,,,19,6,,
2013/10/05,20,13,,,5,4,,
2013/10/05,21,11,,,4,3,,
2013/10/05,22,11,,,4,3,,
2013/10/05,23,11,,,4,3,,
2013/10/05,24,10,,,4,3,,
2013/10/06,01,9,,,3,3,,
2013/10/06,02,9,,,3,3,,
2013/10/06,03,9,,,3,3,,
2013/10/06,04,9,,,3,2,,
2013/10/06,05,9,,,3,2,,
2013/10/06,06,9,,,3,2,,
2013/10/06,07,9,,,3,2,,
2013/10/06,08,8,,,3,2,,
2013/10/06,09,9,,,3,2,,
2013/10/06,10,9,,,3,2,,
2013/10/06,11,9,,,3,3,,
2013/10/06,12,9,,,3,3,,
2013/10/06,13,9,,,3,3,,
2013/10/06,14,14,,,3,3,,
2013/10/06,15,14,,,12,3,,
2013/10/06,16,9,,,3,3,,
2013/10/06,17,9,,,2,2,,
2013/10/06,18,9,,,3,3,,
2013/10/06,19,9,,,3,3,,
2013/10/06,20,9,,,3,3,,
2013/10/06,21,9,,,3,3,,
2013/10/06,22,9,,,3,2,,
2013/10/06,23,9,,,3,2,,
2013/10/06,24,9,,,3,3,,
2013/10/07,01,9,,,3,3,,
2013/10/07,02,9,,,3,3,,
2013/10/07,03,9,,,3,3,,
2013/10/07,04,9,,,3,2,,
2013/10/07,05,23,,,7,2,,
2013/10/07,06,45,,,24,2,,
2013/10/07,07,40,,,37,2,,
2013/10/07,08,57,,,30,3,,
2013/10/07,09,143,,,64,10,,
2013/10/07,10,196,,,138,15,,
2013/10/07,11,217,,,158,16,,
2013/10/07,12,205,,,170,16,,
2013/10/07,13,128,,,109,12,,
2013/10/07,14,217,,,136,13,,
2013/10/07,15,226,,,168,16,,
2013/10/07,16,227,,,165,16,,
2013/10/07,17,225,,,177,16,,
2013/10/07,18,154,,,161,16,,
2013/10/07,19,102,,,75,10,,
2013/10/07,20,73,,,75,10,,
2013/10/07,21,34,,,27,7,,
2013/10/07,22,15,,,11,6,,
2013/10/07,23,12,,,5,3,,
2013/10/07,24,11,,,5,3,,
2013/10/08,01,10,,,5,3,,
2013/10/08,02,11,,,4,3,,
2013/10/08,03,10,,,4,3,,
2013/10/08,04,10,,,3,3,,
2013/10/08,05,19,,,5,3,,
2013/10/08,06,40,,,21,2,,
2013/10/08,07,40,,,33,3,,
2013/10/08,08,53,,,25,3,,
2013/10/08,09,167,,,69,9,,
2013/10/08,10,234,,,170,16,,
2013/10/08,11,249,,,188,16,,
2013/10/08,12,227,,,187,17,,
2013/10/08,13,147,,,130,12,,
2013/10/08,14,214,,,141,14,,
2013/10/08,15,218,,,167,16,,
2013/10/08,16,220,,,159,16,,
2013/10/08,17,230,,,175,16,,
2013/10/08,18,223,,,181,17,,
2013/10/08,19,189,,,148,17,,
2013/10/08,20,102,,,128,15,,
2013/10/08,21,23,,,19,7,,
2013/10/08,22,14,,,9,4,,
2013/10/08,23,13,,,5,3,,
2013/10/08,24,12,,,6,3,,
2013/10/09,01,11,,,5,3,,
2013/10/09,02,11,,,5,3,,
2013/10/09,03,10,,,4,3,,
2013/10/09,04,10,,,4,3,,
2013/10/09,05,24,,,8,3,,
2013/10/09,06,43,,,25,3,,
2013/10/09,07,43,,,34,3,,
2013/10/09,08,60,,,32,3,,
2013/10/09,09,174,,,75,10,,
2013/10/09,10,239,,,171,16,,
2013/10/09,11,251,,,189,17,,
2013/10/09,12,224,,,185,18,,
2013/10/09,13,156,,,130,14,,
2013/10/09,14,237,,,159,14,,
2013/10/09,15,233,,,176,17,,
2013/10/09,16,224,,,172,17,,
2013/10/09,17,238,,,180,16,,
2013/10/09,18,240,,,184,17,,
2013/10/09,19,211,,,167,19,,
2013/10/09,20,125,,,148,17,,
2013/10/09,21,36,,,40,11,,
2013/10/09,22,15,,,6,5,,
2013/10/09,23,13,,,5,4,,
2013/10/09,24,13,,,5,5,,
2013/10/10,01,12,,,5,4,,
2013/10/10,02,11,,,5,4,,
2013/10/10,03,11,,,4,4,,
2013/10/10,04,10,,,3,3,,
2013/10/10,05,24,,,7,3,,
2013/10/10,06,45,,,25,3,,
2013/10/10,07,45,,,34,3,,
2013/10/10,08,64,,,34,4,,
2013/10/10,09,178,,,82,10,,
2013/10/10,10,228,,,170,16,,
2013/10/10,11,237,,,172,17,,
2013/10/10,12,224,,,182,17,,
2013/10/10,13,144,,,126,13,,
2013/10/10,14,216,,,143,14,,
2013/10/10,15,225,,,164,16,,
2013/10/10,16,217,,,162,16,,
2013/10/10,17,238,,,175,17,,
2013/10/10,18,210,,,177,17,,
2013/10/10,19,175,,,134,16,,
2013/10/10,20,109,,,122,17,,
2013/10/10,21,28,,,29,9,,
2013/10/10,22,15,,,8,3,,
2013/10/10,23,13,,,6,3,,
2013/10/10,24,12,,,6,3,,
2013/10/11,01,11,,,5,3,,
2013/10/11,02,11,,,5,3,,
2013/10/11,03,10,,,4,3,,
2013/10/11,04,10,,,3,3,,
2013/10/11,05,25,,,8,3,,
2013/10/11,06,45,,,25,3,,
2013/10/11,07,43,,,34,3,,
2013/10/11,08,51,,,31,3,,
2013/10/11,09,161,,,68,9,,
2013/10/11,10,218,,,157,16,,
2013/10/11,11,238,,,174,17,,
2013/10/11,12,223,,,181,17,,
2013/10/11,13,155,,,133,12,,
2013/10/11,14,244,,,155,15,,
2013/10/11,15,237,,,187,17,,
2013/10/11,16,221,,,164,17,,
2013/10/11,17,239,,,177,17,,
2013/10/11,18,222,,,183,17,,
2013/10/11,19,197,,,149,15,,
2013/10/11,20,141,,,142,14,,
2013/10/11,21,58,,,62,11,,
2013/10/11,22,37,,,22,7,,
2013/10/11,23,29,,,23,7,,
2013/10/11,24,14,,,8,5,,
2013/10/12,01,12,,,5,4,,
2013/10/12,02,11,,,5,4,,
2013/10/12,03,10,,,4,4,,
2013/10/12,04,10,,,3,3,,
2013/10/12,05,24,,,7,3,,
2013/10/12,06,45,,,24,3,,
2013/10/12,07,43,,,34,3,,
2013/10/12,08,69,,,34,3,,
2013/10/12,09,182,,,84,10,,
2013/10/12,10,243,,,179,16,,
2013/10/12,11,234,,,182,17,,
2013/10/12,12,229,,,177,18,,
2013/10/12,13,154,,,134,15,,
2013/10/12,14,221,,,147,14,,
2013/10/12,15,227,,,168,16,,
2013/10/12,16,222,,,170,16,,
2013/10/12,17,219,,,168,16,,
2013/10/12,18,133,,,139,16,,
2013/10/12,19,83,,,67,10,,
2013/10/12,20,53,,,61,8,,
2013/10/12,21,17,,,13,4,,
2013/10/12,22,11,,,6,3,,
2013/10/12,23,10,,,3,3,,
2013/10/12,24,10,,,4,3,,
2013/10/13,01,10,,,4,3,,
2013/10/13,02,9,,,3,3,,
2013/10/13,03,9,,,3,3,,
2013/10/13,04,9,,,3,3,,
2013/10/13,05,9,,,3,3,,
2013/10/13,06,9,,,3,2,,
2013/10/13,07,9,,,3,3,,
2013/10/13,08,9,,,3,2,,
2013/10/13,09,9,,,3,3,,
2013/10/13,10,9,,,3,2,,
2013/10/13,11,10,,,3,3,,
2013/10/13,12,11,,,4,3,,
2013/10/13,13,12,,,4,3,,
2013/10/13,14,10,,,3,3,,
2013/10/13,15,10,,,3,3,,
2013/10/13,16,10,,,3,3,,
2013/10/13,17,9,,,3,3,,
2013/10/13,18,9,,,3,3,,
2013/10/13,19,9,,,3,3,,
2013/10/13,20,9,,,3,3,,
2013/10/13,21,9,,,3,3,,
2013/10/13,22,9,,,3,3,,
2013/10/13,23,9,,,3,3,,
2013/10/13,24,9,,,3,3,,
2013/10/14,01,9,,,3,3,,
2013/10/14,02,9,,,3,3,,
2013/10/14,03,9,,,3,3,,
2013/10/14,04,9,,,3,2,,
2013/10/14,05,9,,,3,2,,
2013/10/14,06,9,,,3,2,,
2013/10/14,07,9,,,3,3,,
2013/10/14,08,9,,,3,2,,
2013/10/14,09,15,,,3,3,,
2013/10/14,10,21,,,10,4,,
2013/10/14,11,22,,,13,4,,
2013/10/14,12,20,,,10,4,,
2013/10/14,13,16,,,9,4,,
2013/10/14,14,21,,,9,4,,
2013/10/14,15,22,,,11,5,,
2013/10/14,16,11,,,7,3,,
2013/10/14,17,10,,,3,3,,
2013/10/14,18,9,,,3,3,,
2013/10/14,19,9,,,3,3,,
2013/10/14,20,9,,,3,3,,
2013/10/14,21,9,,,3,3,,
2013/10/14,22,9,,,3,2,,
2013/10/14,23,9,,,3,3,,
2013/10/14,24,9,,,3,3,,
2013/10/15,01,9,,,3,3,,
2013/10/15,02,9,,,3,3,,
2013/10/15,03,9,,,3,3,,
2013/10/15,04,9,,,3,2,,
2013/10/15,05,24,,,7,2,,
2013/10/15,06,46,,,25,2,,
2013/10/15,07,39,,,37,2,,
2013/10/15,08,59,,,28,3,,
2013/10/15,09,132,,,59,10,,
2013/10/15,10,169,,,124,15,,
2013/10/15,11,178,,,133,15,,
2013/10/15,12,167,,,137,15,,
2013/10/15,13,103,,,87,10,,
2013/10/15,14,176,,,115,13,,
2013/10/15,15,174,,,130,14,,
2013/10/15,16,172,,,126,15,,
2013/10/15,17,187,,,140,15,,
2013/10/15,18,197,,,147,16,,
2013/10/15,19,186,,,151,16,,
2013/10/15,20,117,,,126,15,,
2013/10/15,21,54,,,52,9,,
2013/10/15,22,32,,,22,7,,
2013/10/15,23,13,,,10,5,,
2013/10/15,24,13,,,6,4,,
2013/10/16,01,12,,,6,4,,
2013/10/16,02,11,,,5,4,,
2013/10/16,03,11,,,4,4,,
2013/10/16,04,10,,,3,3,,
2013/10/16,05,24,,,8,3,,
2013/10/16,06,45,,,25,3,,
2013/10/16,07,39,,,36,3,,
2013/10/16,08,51,,,25,3,,
2013/10/16,09,131,,,55,10,,
2013/10/16,10,177,,,132,15,,
2013/10/16,11,172,,,129,15,,
2013/10/16,12,158,,,128,15,,
2013/10/16,13,115,,,92,11,,
2013/10/16,14,200,,,128,13,,
2013/10/16,15,199,,,152,15,,
2013/10/16,16,181,,,139,15,,
2013/10/16,17,176,,,138,16,,
2013/10/16,18,167,,,128,16,,
2013/10/16,19,160,,,118,16,,
2013/10/16,20,130,,,114,14,,
2013/10/16,21,69,,,69,10,,
2013/10/16,22,33,,,27,9,,
2013/10/16,23,16,,,11,7,,
2013/10/16,24,12,,,6,4,,
2013/10/17,01,11,,,5,3,,
2013/10/17,02,10,,,4,3,,
2013/10/17,03,10,,,4,3,,
2013/10/17,04,9,,,3,3,,
2013/10/17,05,24,,,8,3,,
2013/10/17,06,43,,,25,2,,
2013/10/17,07,41,,,37,2,,
2013/10/17,08,48,,,27,4,,
2013/10/17,09,129,,,49,10,,
2013/10/17,10,179,,,130,15,,
2013/10/17,11,180,,,137,15,,
2013/10/17,12,164,,,135,15,,
2013/10/17,13,110,,,90,11,,
2013/10/17,14,181,,,119,13,,
2013/10/17,15,182,,,132,16,,
2013/10/17,16,181,,,133,16,,
2013/10/17,17,189,,,144,16,,
2013/10/17,18,185,,,140,16,,
2013/10/17,19,181,,,138,16,,
2013/10/17,20,115,,,118,16,,
2013/10/17,21,61,,,53,11,,
2013/10/17,22,39,,,31,8,,
2013/10/17,23,34,,,22,5,,
2013/10/17,24,18,,,20,5,,
2013/10/18,01,13,,,7,4,,
2013/10/18,02,12,,,5,3,,
2013/10/18,03,11,,,5,3,,
2013/10/18,04,11,,,4,3,,
2013/10/18,05,24,,,8,3,,
2013/10/18,06,45,,,25,3,,
2013/10/18,07,38,,,35,3,,
2013/10/18,08,46,,,26,3,,
2013/10/18,09,142,,,56,9,,
2013/10/18,10,170,,,138,15,,
2013/10/18,11,173,,,121,15,,
2013/10/18,12,166,,,139,15,,
2013/10/18,13,103,,,86,11,,
2013/10/18,14,183,,,113,13,,
2013/10/18,15,189,,,145,16,,
2013/10/18,16,172,,,126,15,,
2013/10/18,17,175,,,134,16,,
2013/10/18,18,143,,,119,16,,
2013/10/18,19,114,,,92,14,,
2013/10/18,20,77,,,78,14,,
2013/10/18,21,23,,,17,8,,
2013/10/18,22,15,,,7,4,,
2013/10/18,23,13,,,6,3,,
2013/10/18,24,12,,,6,4,,
2013/10/19,01,11,,,5,3,,
2013/10/19,02,10,,,4,3,,
2013/10/19,03,10,,,4,3,,
2013/10/19,04,11,,,3,3,,
2013/10/19,05,24,,,9,3,,
2013/10/19,06,45,,,24,3,,
2013/10/19,07,40,,,35,3,,
2013/10/19,08,48,,,28,4,,
2013/10/19,09,132,,,52,10,,
2013/10/19,10,181,,,135,15,,
2013/10/19,11,176,,,135,15,,
2013/10/19,12,162,,,133,15,,
2013/10/19,13,103,,,85,10,,
2013/10/19,14,176,,,114,12,,
2013/10/19,15,165,,,125,15,,
2013/10/19,16,151,,,112,14,,
2013/10/19,17,156,,,123,14,,
2013/10/19,18,81,,,97,14,,
2013/10/19,19,34,,,28,7,,
2013/10/19,20,29,,,21,5,,
2013/10/19,21,29,,,18,4,,
2013/10/19,22,11,,,11,4,,
2013/10/19,23,10,,,3,3,,
2013/10/19,24,10,,,3,3,,
2013/10/20,01,9,,,3,3,,
2013/10/20,02,9,,,3,3,,
2013/10/20,03,9,,,3,3,,
2013/10/20,04,9,,,3,2,,
2013/10/20,05,9,,,3,2,,
2013/10/20,06,9,,,3,2,,
2013/10/20,07,9,,,3,2,,
2013/10/20,08,9,,,3,2,,
2013/10/20,09,9,,,3,2,,
2013/10/20,10,10,,,3,3,,
2013/10/20,11,10,,,3,3,,
2013/10/20,12,10,,,3,3,,
2013/10/20,13,10,,,3,3,,
2013/10/20,14,9,,,3,3,,
2013/10/20,15,10,,,3,2,,
2013/10/20,16,9,,,3,2,,
2013/10/20,17,9,,,3,2,,
2013/10/20,18,10,,,3,2,,
2013/10/20,19,9,,,3,3,,
2013/10/20,20,9,,,3,3,,
2013/10/20,21,9,,,3,2,,
2013/10/20,22,9,,,3,2,,
2013/10/20,23,9,,,3,2,,
2013/10/20,24,9,,,3,3,,
2013/10/21,01,9,,,3,3,,
2013/10/21,02,9,,,3,3,,
2013/10/21,03,9,,,3,3,,
2013/10/21,04,11,,,3,2,,
2013/10/21,05,22,,,9,2,,
2013/10/21,06,43,,,21,2,,
2013/10/21,07,40,,,35,2,,
2013/10/21,08,49,,,25,3,,
2013/10/21,09,123,,,53,10,,
2013/10/21,10,174,,,123,15,,
2013/10/21,11,178,,,131,15,,
2013/10/21,12,167,,,139,15,,
2013/10/21,13,102,,,88,10,,
2013/10/21,14,176,,,108,13,,
2013/10/21,15,182,,,139,15,,
2013/10/21,16,168,,,127,15,,
2013/10/21,17,173,,,132,15,,
2013/10/21,18,146,,,119,15,,
2013/10/21,19,156,,,109,15,,
2013/10/21,20,90,,,107,15,,
2013/10/21,21,19,,,17,8,,
2013/10/21,22,14,,,6,3,,
2013/10/21,23,12,,,5,3,,
2013/10/21,24,12,,,5,4,,
2013/10/22,01,11,,,4,4,,
2013/10/22,02,11,,,4,3,,
2013/10/22,03,10,,,4,3,,
2013/10/22,04,11,,,3,3,,
2013/10/22,05,24,,,9,3,,
2013/10/22,06,44,,,24,2,,
2013/10/22,07,40,,,35,3,,
2013/10/22,08,40,,,27,3,,
2013/10/22,09,121,,,45,9,,
2013/10/22,10,154,,,116,15,,
2013/10/22,11,155,,,113,16,,
2013/10/22,12,162,,,122,15,,
2013/10/22,13,100,,,85,11,,
2013/10/22,14,168,,,108,12,,
2013/10/22,15,173,,,128,15,,
2013/10/22,16,163,,,119,15,,
2013/10/22,17,162,,,125,15,,
2013/10/22,18,154,,,123,15,,
2013/10/22,19,134,,,101,15,,
2013/10/22,20,95,,,99,15,,
2013/10/22,21,38,,,29,9,,
2013/10/22,22,21,,,16,7,,
2013/10/22,23,13,,,5,3,,
2013/10/22,24,12,,,6,4,,
2013/10/23,01,10,,,4,3,,
2013/10/23,02,10,,,4,3,,
2013/10/23,03,10,,,4,3,,
2013/10/23,04,11,,,3,3,,
2013/10/23,05,24,,,9,3,,
2013/10/23,06,45,,,24,3,,
2013/10/23,07,40,,,35,3,,
2013/10/23,08,39,,,26,3,,
2013/10/23,09,117,,,44,9,,
2013/10/23,10,164,,,118,15,,
2013/10/23,11,156,,,117,15,,
2013/10/23,12,157,,,122,15,,
2013/10/23,13,88,,,81,10,,
2013/10/23,14,159,,,97,13,,
2013/10/23,15,167,,,123,15,,
2013/10/23,16,152,,,115,15,,
2013/10/23,17,162,,,119,15,,
2013/10/23,18,148,,,117,16,,
2013/10/23,19,134,,,100,15,,
2013/10/23,20,78,,,93,14,,
2013/10/23,21,26,,,16,8,,
2013/10/23,22,23,,,14,3,,
2013/10/23,23,22,,,12,3,,
2013/10/23,24,20,,,14,4,,
2013/10/24,01,19,,,13,3,,
2013/10/24,02,20,,,13,3,,
2013/10/24,03,20,,,13,3,,
2013/10/24,04,20,,,11,3,,
2013/10/24,05,33,,,17,3,,
2013/10/24,06,53,,,31,3,,
2013/10/24,07,51,,,43,3,,
2013/10/24,08,48,,,34,3,,
2013/10/24,09,116,,,49,9,,
2013/10/24,10,161,,,113,15,,
2013/10/24,11,163,,,125,16,,
2013/10/24,12,145,,,115,16,,
2013/10/24,13,89,,,76,11,,
2013/10/24,14,163,,,98,14,,
2013/10/24,15,170,,,123,17,,
2013/10/24,16,158,,,117,16,,
2013/10/24,17,179,,,128,17,,
2013/10/24,18,174,,,132,17,,
2013/10/24,19,162,,,121,17,,
2013/10/24,20,91,,,119,16,,
2013/10/24,21,21,,,13,8,,
2013/10/24,22,19,,,8,7,,
2013/10/24,23,15,,,6,7,,
2013/10/24,24,12,,,6,4,,
2013/10/25,01,11,,,5,3,,
2013/10/25,02,11,,,5,3,,
2013/10/25,03,10,,,4,3,,
2013/10/25,04,11,,,3,3,,
2013/10/25,05,24,,,10,3,,
2013/10/25,06,45,,,24,2,,
2013/10/25,07,39,,,35,3,,
2013/10/25,08,46,,,26,3,,
2013/10/25,09,122,,,46,10,,
2013/10/25,10,153,,,113,15,,
2013/10/25,11,157,,,116,16,,
2013/10/25,12,147,,,118,16,,
2013/10/25,13,102,,,84,11,,
2013/10/25,14,152,,,99,13,,
2013/10/25,15,157,,,114,15,,
2013/10/25,16,152,,,108,15,,
2013/10/25,17,161,,,129,16,,
2013/10/25,18,88,,,97,16,,
2013/10/25,19,47,,,35,8,,
2013/10/25,20,44,,,33,6,,
2013/10/25,21,16,,,19,5,,
2013/10/25,22,11,,,4,3,,
2013/10/25,23,10,,,4,3,,
2013/10/25,24,10,,,4,3,,
2013/10/26,01,10,,,4,3,,
2013/10/26,02,9,,,3,3,,
2013/10/26,03,9,,,3,3,,
2013/10/26,04,9,,,3,3,,
2013/10/26,05,9,,,3,3,,
2013/10/26,06,17,,,4,3,,
2013/10/26,07,18,,,12,2,,
2013/10/26,08,16,,,8,3,,
2013/10/26,09,16,,,8,3,,
2013/10/26,10,15,,,7,4,,
2013/10/26,11,17,,,7,4,,
2013/10/26,12,15,,,7,4,,
2013/10/26,13,12,,,4,4,,
2013/10/26,14,16,,,6,4,,
2013/10/26,15,16,,,7,4,,
2013/10/26,16,13,,,5,4,,
2013/10/26,17,12,,,5,4,,
2013/10/26,18,12,,,4,4,,
2013/10/26,19,10,,,3,3,,
2013/10/26,20,10,,,3,3,,
2013/10/26,21,10,,,3,3,,
2013/10/26,22,10,,,3,3,,
2013/10/26,23,9,,,3,3,,
2013/10/26,24,9,,,3,3,,
2013/10/27,01,9,,,3,3,,
2013/10/27,02,9,,,3,3,,
2013/10/27,03,9,,,3,3,,
2013/10/27,04,9,,,3,2,,
2013/10/27,05,9,,,3,2,,
2013/10/27,06,9,,,3,2,,
2013/10/27,07,9,,,3,3,,
2013/10/27,08,9,,,3,2,,
2013/10/27,09,9,,,3,2,,
2013/10/27,10,9,,,3,2,,
2013/10/27,11,9,,,3,2,,
2013/10/27,12,9,,,3,2,,
2013/10/27,13,9,,,3,3,,
2013/10/27,14,9,,,3,2,,
2013/10/27,15,9,,,3,2,,
2013/10/27,16,9,,,3,2,,
2013/10/27,17,9,,,3,3,,
2013/10/27,18,9,,,3,3,,
2013/10/27,19,9,,,3,3,,
2013/10/27,20,9,,,3,3,,
2013/10/27,21,9,,,3,2,,
2013/10/27,22,9,,,3,2,,
2013/10/27,23,9,,,3,2,,
2013/10/27,24,9,,,3,3,,
2013/10/28,01,9,,,3,3,,
2013/10/28,02,9,,,3,3,,
2013/10/28,03,9,,,3,3,,
2013/10/28,04,11,,,3,2,,
2013/10/28,05,25,,,9,2,,
2013/10/28,06,45,,,24,2,,
2013/10/28,07,43,,,38,2,,
2013/10/28,08,49,,,28,3,,
2013/10/28,09,117,,,50,9,,
2013/10/28,10,155,,,113,15,,
2013/10/28,11,163,,,118,15,,
2013/10/28,12,157,,,125,15,,
2013/10/28,13,94,,,82,10,,
2013/10/28,14,154,,,97,12,,
2013/10/28,15,168,,,121,16,,
2013/10/28,16,163,,,113,16,,
2013/10/28,17,170,,,131,15,,
2013/10/28,18,106,,,122,16,,
2013/10/28,19,44,,,31,8,,
2013/10/28,20,29,,,27,6,,
2013/10/28,21,14,,,7,5,,
2013/10/28,22,12,,,5,3,,
2013/10/28,23,12,,,5,3,,
2013/10/28,24,12,,,5,3,,
2013/10/29,01,11,,,5,3,,
2013/10/29,02,11,,,5,3,,
2013/10/29,03,10,,,4,3,,
2013/10/29,04,12,,,3,2,,
2013/10/29,05,27,,,10,3,,
2013/10/29,06,49,,,31,2,,
2013/10/29,07,37,,,34,3,,
2013/10/29,08,40,,,28,3,,
2013/10/29,09,125,,,45,9,,
2013/10/29,10,168,,,122,16,,
2013/10/29,11,162,,,125,16,,
2013/10/29,12,151,,,123,16,,
2013/10/29,13,95,,,78,11,,
2013/10/29,14,167,,,107,13,,
2013/10/29,15,167,,,126,15,,
2013/10/29,16,157,,,115,15,,
2013/10/29,17,159,,,124,15,,
2013/10/29,18,96,,,105,17,,
2013/10/29,19,41,,,30,11,,
2013/10/29,20,24,,,24,7,,
2013/10/29,21,13,,,5,4,,
2013/10/29,22,12,,,4,4,,
2013/10/29,23,11,,,3,3,,
2013/10/29,24,10,,,4,4,,
2013/10/30,01,10,,,3,3,,
2013/10/30,02,10,,,3,4,,
2013/10/30,03,10,,,3,3,,
2013/10/30,04,11,,,3,3,,
2013/10/30,05,26,,,9,3,,
2013/10/30,06,48,,,30,3,,
2013/10/30,07,38,,,35,3,,
2013/10/30,08,43,,,29,3,,
2013/10/30,09,127,,,48,9,,
2013/10/30,10,169,,,126,14,,
2013/10/30,11,164,,,120,15,,
2013/10/30,12,156,,,129,16,,
2013/10/30,13,104,,,86,10,,
2013/10/30,14,160,,,103,13,,
2013/10/30,15,171,,,125,15,,
2013/10/30,16,161,,,117,16,,
2013/10/30,17,167,,,128,15,,
2013/10/30,18,108,,,115,16,,
2013/10/30,19,58,,,44,10,,
2013/10/30,20,31,,,35,8,,
2013/10/30,21,12,,,5,4,,
2013/10/30,22,11,,,4,3,,
2013/10/30,23,10,,,3,3,,
2013/10/30,24,10,,,4,3,,
2013/10/31,01,10,,,4,3,,
2013/10/31,02,10,,,3,3,,
2013/10/31,03,9,,,3,3,,
2013/10/31,04,11,,,3,3,,
2013/10/31,05,26,,,10,3,,
2013/10/31,06,48,,,30,3,,
2013/10/31,07,38,,,34,3,,
2013/10/31,08,42,,,27,3,,
2013/10/31,09,124,,,50,10,,
2013/10/31,10,153,,,114,15,,
2013/10/31,11,150,,,111,15,,
2013/10/31,12,139,,,110,15,,
2013/10/31,13,98,,,81,10,,
2013/10/31,14,166,,,99,12,,
2013/10/31,15,167,,,129,15,,
2013/10/31,16,142,,,108,15,,
2013/10/31,17,160,,,116,15,,
2013/10/31,18,112,,,111,15,,
2013/10/31,19,70,,,55,9,,
2013/10/31,20,38,,,45,8,,
2013/10/31,21,11,,,6,4,,
2013/10/31,22,11,,,4,3,,
2013/10/31,23,10,,,3,3,,
2013/10/31,24,9,,,3,3,,
2013/11/01,01,9,,,3,3,,
2013/11/01,02,9,,,3,3,,
2013/11/01,03,9,,,3,3,,
2013/11/01,04,11,,,3,3,,
2013/11/01,05,27,,,10,3,,
2013/11/01,06,46,,,30,2,,
2013/11/01,07,37,,,32,3,,
2013/11/01,08,39,,,28,3,,
2013/11/01,09,124,,,45,9,,
2013/11/01,10,160,,,118,15,,
2013/11/01,11,168,,,123,16,,
2013/11/01,12,147,,,119,16,,
2013/11/01,13,98,,,82,10,,
2013/11/01,14,145,,,94,12,,
2013/11/01,15,150,,,105,14,,
2013/11/01,16,163,,,112,15,,
2013/11/01,17,158,,,126,14,,
2013/11/01,18,122,,,112,15,,
2013/11/01,19,97,,,69,12,,
2013/11/01,20,67,,,65,11,,
2013/11/01,21,18,,,21,7,,
2013/11/01,22,11,,,4,4,,
2013/11/01,23,11,,,3,4,,
2013/11/01,24,11,,,4,4,,
2013/11/02,01,10,,,3,3,,
2013/11/02,02,10,,,3,3,,
2013/11/02,03,9,,,3,3,,
2013/11/02,04,11,,,3,3,,
2013/11/02,05,16,,,5,2,,
2013/11/02,06,40,,,22,2,,
2013/11/02,07,32,,,29,3,,
2013/11/02,08,37,,,22,3,,
2013/11/02,09,127,,,44,9,,
2013/11/02,10,168,,,126,14,,
2013/11/02,11,162,,,123,15,,
2013/11/02,12,141,,,117,14,,
2013/11/02,13,95,,,79,11,,
2013/11/02,14,159,,,101,13,,
2013/11/02,15,154,,,115,15,,
2013/11/02,16,148,,,113,15,,
2013/11/02,17,117,,,108,14,,
2013/11/02,18,52,,,57,15,,
2013/11/02,19,15,,,12,6,,
2013/11/02,20,14,,,6,3,,
2013/11/02,21,12,,,5,3,,
2013/11/02,22,11,,,4,3,,
2013/11/02,23,11,,,4,3,,
2013/11/02,24,10,,,5,3,,
2013/11/03,01,10,,,4,3,,
2013/11/03,02,9,,,4,3,,
2013/11/03,03,9,,,4,3,,
2013/11/03,04,9,,,3,2,,
2013/11/03,05,8,,,3,2,,
2013/11/03,06,9,,,3,2,,
2013/11/03,07,9,,,3,2,,
2013/11/03,08,9,,,3,2,,
2013/11/03,09,9,,,3,2,,
2013/11/03,10,9,,,3,2,,
2013/11/03,11,9,,,3,2,,
2013/11/03,12,9,,,3,2,,
2013/11/03,13,10,,,3,2,,
2013/11/03,14,10,,,4,2,,
2013/11/03,15,11,,,4,3,,
2013/11/03,16,10,,,4,2,,
2013/11/03,17,11,,,4,3,,
2013/11/03,18,10,,,3,3,,
2013/11/03,19,9,,,3,2,,
2013/11/03,20,9,,,3,3,,
2013/11/03,21,9,,,3,2,,
2013/11/03,22,9,,,2,2,,
2013/11/03,23,9,,,3,2,,
2013/11/03,24,8,,,3,3,,
2013/11/04,01,9,,,3,3,,
2013/11/04,02,8,,,3,3,,
2013/11/04,03,8,,,3,3,,
2013/11/04,04,9,,,3,2,,
2013/11/04,05,8,,,3,2,,
2013/11/04,06,8,,,3,2,,
2013/11/04,07,9,,,3,2,,
2013/11/04,08,9,,,3,2,,
2013/11/04,09,8,,,3,2,,
2013/11/04,10,7,,,3,3,,
2013/11/04,11,0,,,0,0,,
2013/11/04,12,7,,,1,1,,
2013/11/04,13,8,,,2,3,,
2013/11/04,14,8,,,2,2,,
2013/11/04,15,8,,,2,2,,
2013/11/04,16,8,,,2,2,,
2013/11/04,17,8,,,3,2,,
2013/11/04,18,9,,,3,2,,
2013/11/04,19,9,,,3,2,,
2013/11/04,20,9,,,3,2,,
2013/11/04,21,9,,,3,2,,
2013/11/04,22,9,,,3,2,,
2013/11/04,23,9,,,3,2,,
2013/11/04,24,8,,,3,2,,
2013/11/05,01,8,,,3,2,,
2013/11/05,02,8,,,3,2,,
2013/11/05,03,8,,,3,2,,
2013/11/05,04,10,,,3,2,,
2013/11/05,05,27,,,10,2,,
2013/11/05,06,48,,,32,2,,
2013/11/05,07,38,,,35,2,,
2013/11/05,08,47,,,29,3,,
2013/11/05,09,120,,,49,9,,
2013/11/05,10,153,,,112,14,,
2013/11/05,11,151,,,115,14,,
2013/11/05,12,139,,,114,14,,
2013/11/05,13,94,,,76,10,,
2013/11/05,14,161,,,101,12,,
2013/11/05,15,162,,,119,14,,
2013/11/05,16,146,,,113,14,,
2013/11/05,17,155,,,116,14,,
2013/11/05,18,124,,,116,14,,
2013/11/05,19,52,,,50,13,,
2013/11/05,20,31,,,25,12,,
2013/11/05,21,15,,,9,5,,
2013/11/05,22,13,,,6,3,,
2013/11/05,23,12,,,5,3,,
2013/11/05,24,11,,,5,3,,
2013/11/06,01,10,,,5,3,,
2013/11/06,02,9,,,4,3,,
2013/11/06,03,9,,,3,3,,
2013/11/06,04,10,,,3,2,,
2013/11/06,05,27,,,10,2,,
2013/11/06,06,46,,,30,2,,
2013/11/06,07,39,,,34,2,,
2013/11/06,08,47,,,28,3,,
2013/11/06,09,125,,,50,9,,
2013/11/06,10,167,,,123,15,,
2013/11/06,11,165,,,127,15,,
2013/11/06,12,152,,,126,15,,
2013/11/06,13,98,,,82,10,,
2013/11/06,14,164,,,106,13,,
2013/11/06,15,150,,,115,16,,
2013/11/06,16,126,,,101,15,,
2013/11/06,17,137,,,90,15,,
2013/11/06,18,100,,,100,15,,
2013/11/06,19,60,,,40,11,,
2013/11/06,20,40,,,36,11,,
2013/11/06,21,13,,,9,6,,
2013/11/06,22,12,,,5,3,,
2013/11/06,23,11,,,4,3,,
2013/11/06,24,10,,,5,3,,
2013/11/07,01,10,,,4,3,,
2013/11/07,02,10,,,4,3,,
2013/11/07,03,9,,,4,3,,
2013/11/07,04,11,,,3,2,,
2013/11/07,05,27,,,10,2,,
2013/11/07,06,46,,,30,2,,
2013/11/07,07,38,,,33,2,,
2013/11/07,08,40,,,28,3,,
2013/11/07,09,116,,,44,10,,
2013/11/07,10,151,,,111,15,,
2013/11/07,11,153,,,116,15,,
2013/11/07,12,137,,,110,15,,
2013/11/07,13,87,,,71,11,,
2013/11/07,14,141,,,90,12,,
2013/11/07,15,132,,,102,14,,
2013/11/07,16,130,,,91,15,,
2013/11/07,17,133,,,99,14,,
2013/11/07,18,77,,,98,15,,
2013/11/07,19,16,,,9,7,,
2013/11/07,20,13,,,6,4,,
2013/11/07,21,12,,,4,4,,
2013/11/07,22,11,,,4,3,,
2013/11/07,23,11,,,4,3,,
2013/11/07,24,10,,,4,3,,
2013/11/08,01,10,,,4,3,,
2013/11/08,02,9,,,3,3,,
2013/11/08,03,9,,,3,3,,
2013/11/08,04,11,,,3,3,,
2013/11/08,05,24,,,10,3,,
2013/11/08,06,43,,,25,3,,
2013/11/08,07,35,,,32,2,,
2013/11/08,08,37,,,26,3,,
2013/11/08,09,108,,,38,10,,
2013/11/08,10,139,,,102,15,,
2013/11/08,11,138,,,99,15,,
2013/11/08,12,129,,,100,15,,
2013/11/08,13,83,,,67,10,,
2013/11/08,14,138,,,87,12,,
2013/11/08,15,141,,,103,15,,
2013/11/08,16,123,,,93,14,,
2013/11/08,17,118,,,89,15,,
2013/11/08,18,53,,,68,14,,
2013/11/08,19,17,,,9,8,,
2013/11/08,20,14,,,5,6,,
2013/11/08,21,12,,,4,3,,
2013/11/08,22,10,,,4,3,,
2013/11/08,23,10,,,3,3,,
2013/11/08,24,10,,,4,3,,
2013/11/09,01,10,,,4,3,,
2013/11/09,02,9,,,3,3,,
2013/11/09,03,9,,,3,3,,
2013/11/09,04,9,,,3,2,,
2013/11/09,05,10,,,3,3,,
2013/11/09,06,12,,,4,2,,
2013/11/09,07,10,,,4,2,,
2013/11/09,08,10,,,4,3,,
2013/11/09,09,12,,,4,3,,
2013/11/09,10,23,,,10,3,,
2013/11/09,11,15,,,14,3,,
2013/11/09,12,12,,,4,3,,
2013/11/09,13,24,,,11,3,,
2013/11/09,14,23,,,16,3,,
2013/11/09,15,23,,,16,3,,
2013/11/09,16,11,,,9,3,,
2013/11/09,17,10,,,3,3,,
2013/11/09,18,9,,,3,3,,
2013/11/09,19,9,,,3,3,,
2013/11/09,20,9,,,3,3,,
2013/11/09,21,9,,,3,3,,
2013/11/09,22,9,,,3,2,,
2013/11/09,23,9,,,3,2,,
2013/11/09,24,9,,,3,3,,
2013/11/10,01,9,,,3,3,,
2013/11/10,02,9,,,3,3,,
2013/11/10,03,9,,,3,3,,
2013/11/10,04,9,,,3,3,,
2013/11/10,05,9,,,3,2,,
2013/11/10,06,9,,,3,2,,
2013/11/10,07,9,,,3,2,,
2013/11/10,08,9,,,3,2,,
2013/11/10,09,9,,,3,3,,
2013/11/10,10,9,,,3,2,,
2013/11/10,11,9,,,3,2,,
2013/11/10,12,9,,,3,2,,
2013/11/10,13,9,,,3,3,,
2013/11/10,14,9,,,3,2,,
2013/11/10,15,9,,,3,3,,
2013/11/10,16,9,,,3,2,,
2013/11/10,17,9,,,3,2,,
2013/11/10,18,9,,,3,3,,
2013/11/10,19,9,,,3,3,,
2013/11/10,20,9,,,3,3,,
2013/11/10,21,9,,,3,3,,
2013/11/10,22,9,,,3,2,,
2013/11/10,23,9,,,3,3,,
2013/11/10,24,9,,,3,3,,
2013/11/11,01,9,,,3,3,,
2013/11/11,02,9,,,3,3,,
2013/11/11,03,9,,,3,3,,
2013/11/11,04,10,,,3,2,,
2013/11/11,05,28,,,10,2,,
2013/11/11,06,49,,,31,2,,
2013/11/11,07,40,,,36,2,,
2013/11/11,08,48,,,30,3,,
2013/11/11,09,120,,,50,10,,
2013/11/11,10,154,,,112,15,,
2013/11/11,11,151,,,116,15,,
2013/11/11,12,134,,,111,14,,
2013/11/11,13,90,,,71,11,,
2013/11/11,14,136,,,87,13,,
2013/11/11,15,129,,,100,15,,
2013/11/11,16,120,,,85,15,,
2013/11/11,17,132,,,93,15,,
2013/11/11,18,75,,,92,15,,
2013/11/11,19,28,,,20,6,,
2013/11/11,20,14,,,13,5,,
2013/11/11,21,12,,,4,3,,
2013/11/11,22,11,,,4,3,,
2013/11/11,23,11,,,4,3,,
2013/11/11,24,10,,,4,3,,
2013/11/12,01,9,,,3,3,,
2013/11/12,02,9,,,3,3,,
2013/11/12,03,9,,,3,3,,
2013/11/12,04,11,,,3,2,,
2013/11/12,05,25,,,10,2,,
2013/11/12,06,49,,,30,2,,
2013/11/12,07,40,,,35,2,,
2013/11/12,08,49,,,29,3,,
2013/11/12,09,126,,,50,10,,
2013/11/12,10,156,,,121,16,,
2013/11/12,11,143,,,108,15,,
2013/11/12,12,142,,,113,16,,
2013/11/12,13,99,,,79,13,,
2013/11/12,14,166,,,105,14,,
2013/11/12,15,152,,,122,16,,
2013/11/12,16,136,,,102,15,,
2013/11/12,17,136,,,101,15,,
2013/11/12,18,87,,,98,15,,
2013/11/12,19,33,,,25,8,,
2013/11/12,20,20,,,17,6,,
2013/11/12,21,13,,,4,5,,
2013/11/12,22,12,,,4,4,,
2013/11/12,23,12,,,4,4,,
2013/11/12,24,11,,,4,3,,
2013/11/13,01,10,,,4,3,,
2013/11/13,02,10,,,3,3,,
2013/11/13,03,9,,,3,3,,
2013/11/13,04,11,,,3,3,,
2013/11/13,05,26,,,10,3,,
2013/11/13,06,48,,,28,3,,
2013/11/13,07,40,,,38,3,,
2013/11/13,08,44,,,29,3,,
2013/11/13,09,118,,,49,9,,
2013/11/13,10,153,,,110,16,,
2013/11/13,11,147,,,112,15,,
2013/11/13,12,138,,,113,16,,
2013/11/13,13,90,,,70,11,,
2013/11/13,14,142,,,91,13,,
2013/11/13,15,152,,,112,14,,
2013/11/13,16,145,,,105,15,,
2013/11/13,17,141,,,108,16,,
2013/11/13,18,86,,,99,16,,
2013/11/13,19,28,,,23,7,,
2013/11/13,20,15,,,12,5,,
2013/11/13,21,12,,,4,4,,
2013/11/13,22,12,,,4,4,,
2013/11/13,23,11,,,4,3,,
2013/11/13,24,10,,,4,3,,
2013/11/14,01,9,,,4,3,,
2013/11/14,02,9,,,3,3,,
2013/11/14,03,9,,,3,3,,
2013/11/14,04,11,,,3,2,,
2013/11/14,05,25,,,10,2,,
2013/11/14,06,46,,,28,2,,
2013/11/14,07,42,,,38,2,,
2013/11/14,08,44,,,29,2,,
2013/11/14,09,121,,,49,9,,
2013/11/14,10,153,,,111,16,,
2013/11/14,11,153,,,110,17,,
2013/11/14,12,142,,,113,17,,
2013/11/14,13,91,,,77,12,,
2013/11/14,14,151,,,95,13,,
2013/11/14,15,142,,,108,16,,
2013/11/14,16,140,,,98,15,,
2013/11/14,17,144,,,108,16,,
2013/11/14,18,81,,,101,15,,
2013/11/14,19,20,,,12,8,,
2013/11/14,20,15,,,8,6,,
2013/11/14,21,12,,,4,3,,
2013/11/14,22,11,,,4,3,,
2013/11/14,23,11,,,4,3,,
2013/11/14,24,10,,,4,3,,
2013/11/15,01,9,,,4,3,,
2013/11/15,02,9,,,4,3,,
2013/11/15,03,9,,,3,3,,
2013/11/15,04,10,,,3,3,,
2013/11/15,05,25,,,10,2,,
2013/11/15,06,46,,,26,2,,
2013/11/15,07,41,,,37,2,,
2013/11/15,08,42,,,30,3,,
2013/11/15,09,128,,,48,10,,
2013/11/15,10,150,,,118,17,,
2013/11/15,11,148,,,112,15,,
2013/11/15,12,132,,,106,17,,
2013/11/15,13,89,,,72,12,,
2013/11/15,14,147,,,93,13,,
2013/11/15,15,153,,,111,15,,
2013/11/15,16,142,,,107,15,,
2013/11/15,17,141,,,110,15,,
2013/11/15,18,86,,,95,16,,
2013/11/15,19,42,,,28,8,,
2013/11/15,20,33,,,28,6,,
2013/11/15,21,28,,,18,5,,
2013/11/15,22,23,,,19,4,,
2013/11/15,23,17,,,8,4,,
2013/11/15,24,11,,,7,4,,
2013/11/16,01,11,,,6,3,,
2013/11/16,02,12,,,6,3,,
2013/11/16,03,11,,,5,3,,
2013/11/16,04,13,,,5,2,,
2013/11/16,05,25,,,12,2,,
2013/11/16,06,35,,,22,2,,
2013/11/16,07,34,,,29,2,,
2013/11/16,08,38,,,22,3,,
2013/11/16,09,113,,,43,10,,
2013/11/16,10,143,,,108,16,,
2013/11/16,11,142,,,102,16,,
2013/11/16,12,131,,,106,16,,
2013/11/16,13,88,,,69,12,,
2013/11/16,14,143,,,93,13,,
2013/11/16,15,138,,,106,14,,
2013/11/16,16,135,,,97,14,,
2013/11/16,17,139,,,109,15,,
2013/11/16,18,70,,,87,15,,
2013/11/16,19,20,,,13,6,,
2013/11/16,20,16,,,9,4,,
2013/11/16,21,14,,,6,3,,
2013/11/16,22,13,,,6,3,,
2013/11/16,23,13,,,6,3,,
2013/11/16,24,11,,,6,3,,
2013/11/17,01,11,,,5,3,,
2013/11/17,02,11,,,6,3,,
2013/11/17,03,11,,,6,3,,
2013/11/17,04,11,,,5,2,,
2013/11/17,05,11,,,5,2,,
2013/11/17,06,11,,,5,2,,
2013/11/17,07,11,,,5,2,,
2013/11/17,08,11,,,5,2,,
2013/11/17,09,11,,,5,2,,
2013/11/17,10,11,,,5,2,,
2013/11/17,11,11,,,5,2,,
2013/11/17,12,11,,,4,2,,
2013/11/17,13,11,,,5,2,,
2013/11/17,14,11,,,5,2,,
2013/11/17,15,11,,,5,2,,
2013/11/17,16,11,,,5,2,,
2013/11/17,17,11,,,4,3,,
2013/11/17,18,11,,,4,3,,
2013/11/17,19,11,,,5,3,,
2013/11/17,20,11,,,5,3,,
2013/11/17,21,11,,,5,3,,
2013/11/17,22,11,,,4,2,,
2013/11/17,23,11,,,5,2,,
2013/11/17,24,11,,,6,3,,
2013/11/18,01,11,,,5,3,,
2013/11/18,02,11,,,5,3,,
2013/11/18,03,11,,,5,3,,
2013/11/18,04,13,,,5,2,,
2013/11/18,05,25,,,12,2,,
2013/11/18,06,39,,,25,2,,
2013/11/18,07,33,,,28,2,,
2013/11/18,08,44,,,24,2,,
2013/11/18,09,117,,,48,10,,
2013/11/18,10,150,,,107,16,,
2013/11/18,11,157,,,113,16,,
2013/11/18,12,139,,,115,17,,
2013/11/18,13,89,,,71,12,,
2013/11/18,14,148,,,90,13,,
2013/11/18,15,149,,,114,15,,
2013/11/18,16,137,,,98,15,,
2013/11/18,17,146,,,109,16,,
2013/11/18,18,97,,,104,16,,
2013/11/18,19,45,,,32,10,,
2013/11/18,20,27,,,25,9,,
2013/11/18,21,14,,,6,4,,
2013/11/18,22,13,,,6,3,,
2013/11/18,23,12,,,5,3,,
2013/11/18,24,11,,,5,3,,
2013/11/19,01,11,,,5,3,,
2013/11/19,02,10,,,4,3,,
2013/11/19,03,10,,,4,3,,
2013/11/19,04,11,,,3,3,,
2013/11/19,05,24,,,10,3,,
2013/11/19,06,39,,,23,2,,
2013/11/19,07,33,,,27,3,,
2013/11/19,08,36,,,23,3,,
2013/11/19,09,115,,,45,9,,
2013/11/19,10,147,,,105,16,,
2013/11/19,11,137,,,103,17,,
2013/11/19,12,125,,,100,17,,
2013/11/19,13,89,,,70,11,,
2013/11/19,14,140,,,91,13,,
2013/11/19,15,139,,,96,15,,
2013/11/19,16,137,,,100,15,,
2013/11/19,17,135,,,101,16,,
2013/11/19,18,98,,,93,16,,
2013/11/19,19,60,,,46,14,,
2013/11/19,20,37,,,28,12,,
2013/11/19,21,17,,,10,7,,
2013/11/19,22,13,,,5,4,,
2013/11/19,23,12,,,4,4,,
2013/11/19,24,12,,,6,4,,
2013/11/20,01,11,,,5,4,,
2013/11/20,02,9,,,4,3,,
2013/11/20,03,10,,,3,3,,
2013/11/20,04,11,,,3,3,,
2013/11/20,05,25,,,10,3,,
2013/11/20,06,38,,,24,3,,
2013/11/20,07,33,,,28,3,,
2013/11/20,08,34,,,22,3,,
2013/11/20,09,112,,,40,9,,
2013/11/20,10,141,,,104,16,,
2013/11/20,11,152,,,108,16,,
2013/11/20,12,145,,,116,16,,
2013/11/20,13,93,,,76,11,,
2013/11/20,14,138,,,88,13,,
2013/11/20,15,138,,,103,16,,
2013/11/20,16,143,,,97,15,,
2013/11/20,17,150,,,111,15,,
2013/11/20,18,103,,,104,16,,
2013/11/20,19,59,,,42,12,,
2013/11/20,20,36,,,36,11,,
2013/11/20,21,15,,,7,5,,
2013/11/20,22,13,,,6,4,,
2013/11/20,23,12,,,4,3,,
2013/11/20,24,11,,,4,4,,
2013/11/21,01,10,,,4,3,,
2013/11/21,02,10,,,4,3,,
2013/11/21,03,10,,,4,3,,
2013/11/21,04,12,,,3,2,,
2013/11/21,05,25,,,10,2,,
2013/11/21,06,41,,,25,2,,
2013/11/21,07,34,,,29,3,,
2013/11/21,08,35,,,23,3,,
2013/11/21,09,114,,,41,9,,
2013/11/21,10,154,,,112,17,,
2013/11/21,11,145,,,106,17,,
2013/11/21,12,132,,,108,16,,
2013/11/21,13,88,,,72,12,,
2013/11/21,14,146,,,90,14,,
2013/11/21,15,155,,,111,16,,
2013/11/21,16,143,,,104,15,,
2013/11/21,17,155,,,121,16,,
2013/11/21,18,112,,,109,17,,
2013/11/21,19,70,,,49,12,,
2013/11/21,20,39,,,38,11,,
2013/11/21,21,13,,,7,6,,
2013/11/21,22,11,,,4,4,,
2013/11/21,23,11,,,3,3,,
2013/11/21,24,11,,,4,3,,
2013/11/22,01,10,,,4,3,,
2013/11/22,02,9,,,3,3,,
2013/11/22,03,9,,,3,3,,
2013/11/22,04,11,,,3,3,,
2013/11/22,05,26,,,10,3,,
2013/11/22,06,50,,,30,3,,
2013/11/22,07,40,,,36,2,,
2013/11/22,08,42,,,29,3,,
2013/11/22,09,129,,,50,9,,
2013/11/22,10,162,,,116,16,,
2013/11/22,11,159,,,121,17,,
2013/11/22,12,149,,,118,18,,
2013/11/22,13,97,,,80,12,,
2013/11/22,14,168,,,104,13,,
2013/11/22,15,165,,,125,16,,
2013/11/22,16,159,,,118,15,,
2013/11/22,17,146,,,124,15,,
2013/11/22,18,99,,,90,16,,
2013/11/22,19,49,,,41,13,,
2013/11/22,20,25,,,22,8,,
2013/11/22,21,14,,,6,4,,
2013/11/22,22,13,,,5,4,,
2013/11/22,23,13,,,5,4,,
2013/11/22,24,11,,,5,3,,
2013/11/23,01,10,,,4,3,,
2013/11/23,02,9,,,4,3,,
2013/11/23,03,9,,,3,3,,
2013/11/23,04,11,,,3,2,,
2013/11/23,05,12,,,5,2,,
2013/11/23,06,17,,,8,2,,
2013/11/23,07,16,,,9,2,,
2013/11/23,08,15,,,9,2,,
2013/11/23,09,17,,,8,3,,
2013/11/23,10,17,,,8,3,,
2013/11/23,11,16,,,8,4,,
2013/11/23,12,15,,,7,4,,
2013/11/23,13,12,,,5,3,,
2013/11/23,14,14,,,6,3,,
2013/11/23,15,13,,,6,3,,
2013/11/23,16,9,,,3,3,,
2013/11/23,17,9,,,3,2,,
2013/11/23,18,9,,,3,3,,
2013/11/23,19,9,,,3,3,,
2013/11/23,20,9,,,3,2,,
2013/11/23,21,9,,,3,3,,
2013/11/23,22,9,,,3,2,,
2013/11/23,23,9,,,3,2,,
2013/11/23,24,9,,,3,3,,
2013/11/24,01,9,,,3,3,,
2013/11/24,02,9,,,3,3,,
2013/11/24,03,9,,,3,3,,
2013/11/24,04,9,,,3,2,,
2013/11/24,05,9,,,3,2,,
2013/11/24,06,9,,,3,2,,
2013/11/24,07,9,,,3,2,,
2013/11/24,08,9,,,3,2,,
2013/11/24,09,9,,,3,2,,
2013/11/24,10,9,,,3,2,,
2013/11/24,11,10,,,3,3,,
2013/11/24,12,10,,,3,3,,
2013/11/24,13,10,,,3,3,,
2013/11/24,14,10,,,3,3,,
2013/11/24,15,9,,,3,3,,
2013/11/24,16,9,,,3,2,,
2013/11/24,17,9,,,3,2,,
2013/11/24,18,9,,,3,2,,
2013/11/24,19,9,,,3,2,,
2013/11/24,20,9,,,3,2,,
2013/11/24,21,9,,,3,2,,
2013/11/24,22,9,,,3,2,,
2013/11/24,23,9,,,3,2,,
2013/11/24,24,9,,,3,2,,
2013/11/25,01,9,,,3,3,,
2013/11/25,02,9,,,3,2,,
2013/11/25,03,9,,,3,2,,
2013/11/25,04,11,,,3,2,,
2013/11/25,05,26,,,10,2,,
2013/11/25,06,51,,,31,2,,
2013/11/25,07,40,,,38,2,,
2013/11/25,08,50,,,30,2,,
2013/11/25,09,132,,,54,11,,
2013/11/25,10,183,,,128,16,,
2013/11/25,11,172,,,137,16,,
2013/11/25,12,161,,,127,16,,
2013/11/25,13,99,,,85,12,,
2013/11/25,14,172,,,107,14,,
2013/11/25,15,160,,,125,16,,
2013/11/25,16,154,,,111,16,,
2013/11/25,17,167,,,124,16,,
2013/11/25,18,161,,,125,16,,
2013/11/25,19,148,,,112,15,,
2013/11/25,20,92,,,104,14,,
2013/11/25,21,39,,,26,9,,
2013/11/25,22,34,,,21,7,,
2013/11/25,23,15,,,13,4,,
2013/11/25,24,13,,,8,3,,
2013/11/26,01,12,,,7,3,,
2013/11/26,02,12,,,6,3,,
2013/11/26,03,12,,,6,3,,
2013/11/26,04,12,,,5,2,,
2013/11/26,05,27,,,12,2,,
2013/11/26,06,37,,,26,2,,
2013/11/26,07,31,,,24,2,,
2013/11/26,08,38,,,21,3,,
2013/11/26,09,99,,,35,9,,
2013/11/26,10,131,,,96,15,,
2013/11/26,11,123,,,91,14,,
2013/11/26,12,116,,,91,15,,
2013/11/26,13,79,,,59,11,,
2013/11/26,14,134,,,84,13,,
2013/11/26,15,135,,,95,15,,
2013/11/26,16,130,,,92,14,,
2013/11/26,17,130,,,99,14,,
2013/11/26,18,116,,,92,15,,
2013/11/26,19,104,,,75,14,,
2013/11/26,20,79,,,70,13,,
2013/11/26,21,45,,,33,9,,
2013/11/26,22,41,,,25,8,,
2013/11/26,23,30,,,25,7,,
2013/11/26,24,12,,,8,5,,
2013/11/27,01,11,,,5,4,,
2013/11/27,02,10,,,4,3,,
2013/11/27,03,10,,,4,3,,
2013/11/27,04,11,,,3,3,,
2013/11/27,05,26,,,10,3,,
2013/11/27,06,49,,,29,3,,
2013/11/27,07,39,,,37,2,,
2013/11/27,08,45,,,29,3,,
2013/11/27,09,109,,,41,10,,
2013/11/27,10,163,,,112,17,,
2013/11/27,11,167,,,125,16,,
2013/11/27,12,147,,,121,17,,
2013/11/27,13,82,,,74,12,,
2013/11/27,14,160,,,95,13,,
2013/11/27,15,160,,,119,16,,
2013/11/27,16,145,,,107,15,,
2013/11/27,17,143,,,112,16,,
2013/11/27,18,153,,,112,16,,
2013/11/27,19,141,,,108,16,,
2013/11/27,20,94,,,97,14,,
2013/11/27,21,37,,,33,11,,
2013/11/27,22,17,,,14,4,,
2013/11/27,23,15,,,8,3,,
2013/11/27,24,14,,,8,3,,
2013/11/28,01,13,,,7,3,,
2013/11/28,02,12,,,6,3,,
2013/11/28,03,12,,,6,3,,
2013/11/28,04,13,,,5,2,,
2013/11/28,05,26,,,12,3,,
2013/11/28,06,38,,,24,2,,
2013/11/28,07,31,,,28,3,,
2013/11/28,08,37,,,22,3,,
2013/11/28,09,107,,,36,10,,
2013/11/28,10,155,,,112,16,,
2013/11/28,11,154,,,117,16,,
2013/11/28,12,144,,,114,16,,
2013/11/28,13,84,,,70,12,,
2013/11/28,14,159,,,98,14,,
2013/11/28,15,148,,,116,15,,
2013/11/28,16,142,,,98,15,,
2013/11/28,17,148,,,111,15,,
2013/11/28,18,123,,,107,16,,
2013/11/28,19,93,,,72,14,,
2013/11/28,20,73,,,64,13,,
2013/11/28,21,53,,,40,9,,
2013/11/28,22,39,,,33,7,,
2013/11/28,23,13,,,11,4,,
2013/11/28,24,12,,,5,3,,
2013/11/29,01,11,,,5,4,,
2013/11/29,02,10,,,4,3,,
2013/11/29,03,10,,,3,3,,
2013/11/29,04,12,,,3,3,,
2013/11/29,05,24,,,10,3,,
2013/11/29,06,38,,,23,3,,
2013/11/29,07,33,,,28,3,,
2013/11/29,08,41,,,24,3,,
2013/11/29,09,117,,,40,10,,
2013/11/29,10,163,,,118,16,,
2013/11/29,11,152,,,116,16,,
2013/11/29,12,145,,,111,18,,
2013/11/29,13,89,,,72,13,,
2013/11/29,14,148,,,99,13,,
2013/11/29,15,148,,,109,16,,
2013/11/29,16,141,,,100,15,,
2013/11/29,17,131,,,115,15,,
2013/11/29,18,107,,,83,15,,
2013/11/29,19,71,,,56,13,,
2013/11/29,20,49,,,47,11,,
2013/11/29,21,28,,,18,5,,
2013/11/29,22,19,,,17,4,,
2013/11/29,23,10,,,5,3,,
2013/11/29,24,10,,,4,3,,
2013/11/30,01,10,,,4,3,,
2013/11/30,02,10,,,4,3,,
2013/11/30,03,9,,,3,3,,
2013/11/30,04,11,,,3,3,,
2013/11/30,05,13,,,5,2,,
2013/11/30,06,31,,,16,2,,
2013/11/30,07,25,,,21,2,,
2013/11/30,08,32,,,17,3,,
2013/11/30,09,106,,,35,10,,
2013/11/30,10,137,,,101,14,,
2013/11/30,11,140,,,100,15,,
2013/11/30,12,122,,,99,16,,
2013/11/30,13,73,,,59,12,,
2013/11/30,14,127,,,81,13,,
2013/11/30,15,126,,,90,15,,
2013/11/30,16,119,,,84,15,,
2013/11/30,17,122,,,92,15,,
2013/11/30,18,70,,,69,16,,
2013/11/30,19,40,,,29,11,,
2013/11/30,20,24,,,23,7,,
2013/11/30,21,12,,,5,3,,
2013/11/30,22,11,,,5,3,,
2013/11/30,23,11,,,4,3,,
2013/11/30,24,9,,,4,3,,
2013/12/01,01,9,,,3,3,,
2013/12/01,02,9,,,3,3,,
2013/12/01,03,9,,,3,3,,
2013/12/01,04,10,,,3,3,,
2013/12/01,05,10,,,3,4,,
2013/12/01,06,10,,,3,4,,
2013/12/01,07,9,,,3,3,,
2013/12/01,08,9,,,3,2,,
2013/12/01,09,11,,,3,3,,
2013/12/01,10,13,,,5,3,,
2013/12/01,11,13,,,5,3,,
2013/12/01,12,11,,,5,3,,
2013/12/01,13,9,,,3,2,,
2013/12/01,14,8,,,3,2,,
2013/12/01,15,8,,,3,2,,
2013/12/01,16,9,,,3,2,,
2013/12/01,17,9,,,3,2,,
2013/12/01,18,9,,,3,2,,
2013/12/01,19,9,,,3,3,,
2013/12/01,20,9,,,3,2,,
2013/12/01,21,9,,,3,2,,
2013/12/01,22,9,,,3,2,,
2013/12/01,23,9,,,3,2,,
2013/12/01,24,9,,,3,3,,
2013/12/02,01,8,,,3,3,,
2013/12/02,02,9,,,3,3,,
2013/12/02,03,8,,,3,3,,
2013/12/02,04,10,,,3,2,,
2013/12/02,05,24,,,10,2,,
2013/12/02,06,39,,,25,2,,
2013/12/02,07,34,,,27,2,,
2013/12/02,08,43,,,27,3,,
2013/12/02,09,100,,,39,11,,
2013/12/02,10,147,,,99,16,,
2013/12/02,11,153,,,109,17,,
2013/12/02,12,143,,,115,18,,
2013/12/02,13,79,,,67,12,,
2013/12/02,14,145,,,86,13,,
2013/12/02,15,151,,,111,15,,
2013/12/02,16,142,,,103,15,,
2013/12/02,17,154,,,113,15,,
2013/12/02,18,127,,,109,16,,
2013/12/02,19,101,,,79,14,,
2013/12/02,20,56,,,58,12,,
2013/12/02,21,23,,,20,8,,
2013/12/02,22,13,,,6,3,,
2013/12/02,23,11,,,4,3,,
2013/12/02,24,11,,,5,3,,
2013/12/03,01,10,,,4,3,,
2013/12/03,02,10,,,4,3,,
2013/12/03,03,10,,,4,3,,
2013/12/03,04,11,,,3,3,,
2013/12/03,05,24,,,10,3,,
2013/12/03,06,36,,,20,3,,
2013/12/03,07,32,,,27,3,,
2013/12/03,08,39,,,24,3,,
2013/12/03,09,99,,,32,10,,
2013/12/03,10,151,,,104,16,,
2013/12/03,11,155,,,112,17,,
2013/12/03,12,143,,,113,18,,
2013/12/03,13,81,,,67,13,,
2013/12/03,14,156,,,93,14,,
2013/12/03,15,152,,,114,15,,
2013/12/03,16,140,,,104,15,,
2013/12/03,17,144,,,106,15,,
2013/12/03,18,138,,,104,15,,
2013/12/03,19,122,,,97,15,,
2013/12/03,20,71,,,73,14,,
2013/12/03,21,28,,,23,8,,
2013/12/03,22,18,,,10,3,,
2013/12/03,23,17,,,9,3,,
2013/12/03,24,16,,,9,3,,
2013/12/04,01,15,,,9,3,,
2013/12/04,02,15,,,9,3,,
2013/12/04,03,14,,,9,3,,
2013/12/04,04,14,,,7,3,,
2013/12/04,05,26,,,12,3,,
2013/12/04,06,39,,,25,3,,
2013/12/04,07,35,,,28,3,,
2013/12/04,08,41,,,24,4,,
2013/12/04,09,120,,,39,11,,
2013/12/04,10,171,,,127,16,,
2013/12/04,11,155,,,124,15,,
2013/12/04,12,142,,,113,16,,
2013/12/04,13,89,,,71,12,,
2013/12/04,14,156,,,98,13,,
2013/12/04,15,154,,,114,15,,
2013/12/04,16,144,,,106,15,,
2013/12/04,17,149,,,114,15,,
2013/12/04,18,133,,,110,15,,
2013/12/04,19,99,,,84,14,,
2013/12/04,20,57,,,61,12,,
2013/12/04,21,16,,,11,6,,
2013/12/04,22,12,,,5,3,,
2013/12/04,23,12,,,4,3,,
2013/12/04,24,11,,,5,3,,
2013/12/05,01,10,,,4,3,,
2013/12/05,02,10,,,3,3,,
2013/12/05,03,9,,,3,3,,
2013/12/05,04,11,,,3,3,,
2013/12/05,05,24,,,10,3,,
2013/12/05,06,38,,,22,2,,
2013/12/05,07,33,,,29,2,,
2013/12/05,08,36,,,23,3,,
2013/12/05,09,109,,,38,10,,
2013/12/05,10,158,,,108,17,,
2013/12/05,11,151,,,115,18,,
2013/12/05,12,137,,,108,19,,
2013/12/05,13,79,,,66,12,,
2013/12/05,14,153,,,93,13,,
2013/12/05,15,154,,,116,15,,
2013/12/05,16,141,,,103,14,,
2013/12/05,17,150,,,114,15,,
2013/12/05,18,138,,,109,16,,
2013/12/05,19,131,,,94,15,,
2013/12/05,20,82,,,88,15,,
2013/12/05,21,51,,,31,9,,
2013/12/05,22,42,,,32,8,,
2013/12/05,23,13,,,11,6,,
2013/12/05,24,12,,,6,3,,
2013/12/06,01,11,,,5,3,,
2013/12/06,02,11,,,5,3,,
2013/12/06,03,10,,,4,3,,
2013/12/06,04,12,,,3,3,,
2013/12/06,05,25,,,11,2,,
2013/12/06,06,39,,,23,3,,
2013/12/06,07,34,,,30,2,,
2013/12/06,08,41,,,23,3,,
2013/12/06,09,110,,,40,11,,
2013/12/06,10,153,,,111,17,,
2013/12/06,11,148,,,112,16,,
2013/12/06,12,134,,,107,17,,
2013/12/06,13,80,,,64,13,,
2013/12/06,14,141,,,85,14,,
2013/12/06,15,135,,,107,15,,
2013/12/06,16,130,,,88,14,,
2013/12/06,17,129,,,104,15,,
2013/12/06,18,65,,,75,15,,
2013/12/06,19,33,,,24,8,,
2013/12/06,20,18,,,15,5,,
2013/12/06,21,14,,,6,5,,
2013/12/06,22,11,,,4,4,,
2013/12/06,23,11,,,4,3,,
2013/12/06,24,9,,,4,3,,
2013/12/07,01,9,,,3,3,,
2013/12/07,02,9,,,3,3,,
2013/12/07,03,9,,,3,3,,
2013/12/07,04,9,,,3,3,,
2013/12/07,05,8,,,3,2,,
2013/12/07,06,9,,,3,2,,
2013/12/07,07,9,,,3,2,,
2013/12/07,08,9,,,3,3,,
2013/12/07,09,12,,,3,3,,
2013/12/07,10,14,,,7,3,,
2013/12/07,11,15,,,6,3,,
2013/12/07,12,12,,,5,3,,
2013/12/07,13,10,,,4,3,,
2013/12/07,14,14,,,5,3,,
2013/12/07,15,13,,,6,3,,
2013/12/07,16,10,,,3,3,,
2013/12/07,17,12,,,4,3,,
2013/12/07,18,10,,,4,3,,
2013/12/07,19,9,,,3,3,,
2013/12/07,20,9,,,3,3,,
2013/12/07,21,9,,,3,2,,
2013/12/07,22,9,,,3,2,,
2013/12/07,23,8,,,3,2,,
2013/12/07,24,9,,,3,2,,
2013/12/08,01,9,,,3,3,,
2013/12/08,02,9,,,3,3,,
2013/12/08,03,9,,,3,3,,
2013/12/08,04,8,,,3,2,,
2013/12/08,05,9,,,3,2,,
2013/12/08,06,8,,,3,2,,
2013/12/08,07,9,,,3,2,,
2013/12/08,08,9,,,3,2,,
2013/12/08,09,9,,,3,2,,
2013/12/08,10,8,,,3,2,,
2013/12/08,11,11,,,4,2,,
2013/12/08,12,11,,,4,3,,
2013/12/08,13,9,,,3,3,,
2013/12/08,14,8,,,3,2,,
2013/12/08,15,8,,,3,2,,
2013/12/08,16,8,,,3,2,,
2013/12/08,17,9,,,3,2,,
2013/12/08,18,11,,,3,3,,
2013/12/08,19,10,,,4,3,,
2013/12/08,20,9,,,3,2,,
2013/12/08,21,9,,,3,2,,
2013/12/08,22,9,,,3,2,,
2013/12/08,23,9,,,3,2,,
2013/12/08,24,9,,,3,3,,
2013/12/09,01,9,,,3,3,,
2013/12/09,02,9,,,3,3,,
2013/12/09,03,8,,,3,3,,
2013/12/09,04,9,,,3,2,,
2013/12/09,05,23,,,8,2,,
2013/12/09,06,48,,,29,2,,
2013/12/09,07,39,,,35,2,,
2013/12/09,08,47,,,29,3,,
2013/12/09,09,102,,,39,11,,
2013/12/09,10,149,,,103,17,,
2013/12/09,11,148,,,106,18,,
2013/12/09,12,144,,,111,21,,
2013/12/09,13,88,,,72,15,,
2013/12/09,14,150,,,91,17,,
2013/12/09,15,150,,,109,19,,
2013/12/09,16,129,,,97,19,,
2013/12/09,17,136,,,90,19,,
2013/12/09,18,109,,,109,19,,
2013/12/09,19,57,,,41,13,,
2013/12/09,20,30,,,28,10,,
2013/12/09,21,13,,,7,4,,
2013/12/09,22,12,,,5,3,,
2013/12/09,23,11,,,4,3,,
2013/12/09,24,11,,,5,3,,
2013/12/10,01,11,,,4,3,,
2013/12/10,02,10,,,4,3,,
2013/12/10,03,9,,,4,3,,
2013/12/10,04,11,,,3,2,,
2013/12/10,05,24,,,10,2,,
2013/12/10,06,38,,,24,2,,
2013/12/10,07,33,,,29,2,,
2013/12/10,08,39,,,24,3,,
2013/12/10,09,108,,,41,11,,
2013/12/10,10,141,,,100,20,,
2013/12/10,11,149,,,105,21,,
2013/12/10,12,141,,,107,22,,
2013/12/10,13,101,,,73,17,,
2013/12/10,14,157,,,97,19,,
2013/12/10,15,140,,,110,18,,
2013/12/10,16,134,,,91,16,,
2013/12/10,17,150,,,113,16,,
2013/12/10,18,115,,,105,16,,
2013/12/10,19,59,,,48,13,,
2013/12/10,20,37,,,32,9,,
2013/12/10,21,16,,,11,6,,
2013/12/10,22,11,,,4,3,,
2013/12/10,23,11,,,4,3,,
2013/12/10,24,10,,,4,3,,
2013/12/11,01,10,,,4,3,,
2013/12/11,02,9,,,3,3,,
2013/12/11,03,9,,,3,3,,
2013/12/11,04,11,,,3,2,,
2013/12/11,05,24,,,10,2,,
2013/12/11,06,39,,,23,2,,
2013/12/11,07,33,,,29,3,,
2013/12/11,08,39,,,23,3,,
2013/12/11,09,113,,,40,11,,
2013/12/11,10,143,,,106,19,,
2013/12/11,11,151,,,100,19,,
2013/12/11,12,140,,,111,20,,
2013/12/11,13,87,,,68,15,,
2013/12/11,14,150,,,97,16,,
2013/12/11,15,148,,,106,17,,
2013/12/11,16,136,,,98,16,,
2013/12/11,17,132,,,106,17,,
2013/12/11,18,92,,,82,17,,
2013/12/11,19,56,,,44,11,,
2013/12/11,20,44,,,38,8,,
2013/12/11,21,18,,,15,6,,
2013/12/11,22,13,,,4,4,,
2013/12/11,23,11,,,4,4,,
2013/12/11,24,10,,,4,4,,
2013/12/12,01,10,,,4,3,,
2013/12/12,02,10,,,4,3,,
2013/12/12,03,9,,,3,3,,
2013/12/12,04,11,,,3,3,,
2013/12/12,05,25,,,10,3,,
2013/12/12,06,39,,,24,3,,
2013/12/12,07,35,,,29,3,,
2013/12/12,08,40,,,23,3,,
2013/12/12,09,103,,,39,12,,
2013/12/12,10,138,,,98,17,,
2013/12/12,11,143,,,99,17,,
2013/12/12,12,131,,,107,18,,
2013/12/12,13,83,,,64,13,,
2013/12/12,14,148,,,92,14,,
2013/12/12,15,132,,,105,16,,
2013/12/12,16,113,,,81,15,,
2013/12/12,17,122,,,83,16,,
2013/12/12,18,91,,,85,16,,
2013/12/12,19,60,,,42,12,,
2013/12/12,20,44,,,36,10,,
2013/12/12,21,29,,,19,7,,
2013/12/12,22,20,,,13,4,,
2013/12/12,23,14,,,8,4,,
2013/12/12,24,10,,,4,3,,
2013/12/13,01,9,,,3,3,,
2013/12/13,02,9,,,4,3,,
2013/12/13,03,9,,,4,3,,
2013/12/13,04,11,,,3,2,,
2013/12/13,05,24,,,10,2,,
2013/12/13,06,27,,,19,2,,
2013/12/13,07,27,,,18,2,,
2013/12/13,08,29,,,16,2,,
2013/12/13,09,100,,,31,10,,
2013/12/13,10,131,,,96,16,,
2013/12/13,11,126,,,93,16,,
2013/12/13,12,119,,,89,17,,
2013/12/13,13,75,,,62,12,,
2013/12/13,14,118,,,77,13,,
2013/12/13,15,125,,,87,14,,
2013/12/13,16,111,,,85,15,,
2013/12/13,17,118,,,84,16,,
2013/12/13,18,85,,,81,17,,
2013/12/13,19,42,,,28,11,,
2013/12/13,20,23,,,22,7,,
2013/12/13,21,11,,,4,4,,
2013/12/13,22,10,,,3,3,,
2013/12/13,23,10,,,3,3,,
2013/12/13,24,9,,,4,3,,
2013/12/14,01,9,,,4,3,,
2013/12/14,02,9,,,4,3,,
2013/12/14,03,9,,,3,3,,
2013/12/14,04,11,,,3,3,,
2013/12/14,05,25,,,10,3,,
2013/12/14,06,27,,,19,3,,
2013/12/14,07,27,,,18,3,,
2013/12/14,08,27,,,16,3,,
2013/12/14,09,87,,,25,9,,
2013/12/14,10,132,,,88,18,,
2013/12/14,11,126,,,92,18,,
2013/12/14,12,111,,,85,18,,
2013/12/14,13,72,,,54,13,,
2013/12/14,14,116,,,69,15,,
2013/12/14,15,113,,,83,16,,
2013/12/14,16,96,,,65,15,,
2013/12/14,17,93,,,70,14,,
2013/12/14,18,49,,,53,14,,
2013/12/14,19,16,,,9,7,,
2013/12/14,20,13,,,5,4,,
2013/12/14,21,12,,,4,3,,
2013/12/14,22,11,,,4,3,,
2013/12/14,23,10,,,4,3,,
2013/12/14,24,10,,,3,3,,
2013/12/15,01,10,,,3,3,,
2013/12/15,02,9,,,3,3,,
2013/12/15,03,9,,,3,3,,
2013/12/15,04,9,,,3,2,,
2013/12/15,05,9,,,3,2,,
2013/12/15,06,9,,,3,2,,
2013/12/15,07,9,,,3,2,,
2013/12/15,08,9,,,3,2,,
2013/12/15,09,9,,,3,2,,
2013/12/15,10,9,,,3,2,,
2013/12/15,11,11,,,4,2,,
2013/12/15,12,11,,,4,2,,
2013/12/15,13,11,,,4,2,,
2013/12/15,14,10,,,3,2,,
2013/12/15,15,11,,,4,2,,
2013/12/15,16,11,,,4,2,,
2013/12/15,17,11,,,4,2,,
2013/12/15,18,9,,,3,3,,
2013/12/15,19,9,,,3,2,,
2013/12/15,20,9,,,3,2,,
2013/12/15,21,9,,,3,2,,
2013/12/15,22,9,,,3,2,,
2013/12/15,23,9,,,3,2,,
2013/12/15,24,9,,,3,2,,
2013/12/16,01,9,,,3,3,,
2013/12/16,02,9,,,3,2,,
2013/12/16,03,9,,,3,2,,
2013/12/16,04,10,,,3,2,,
2013/12/16,05,22,,,10,2,,
2013/12/16,06,31,,,19,2,,
2013/12/16,07,31,,,26,2,,
2013/12/16,08,38,,,20,2,,
2013/12/16,09,95,,,34,10,,
2013/12/16,10,138,,,95,18,,
2013/12/16,11,137,,,94,19,,
2013/12/16,12,130,,,96,20,,
2013/12/16,13,88,,,66,14,,
2013/12/16,14,140,,,88,15,,
2013/12/16,15,139,,,98,17,,
2013/12/16,16,138,,,97,17,,
2013/12/16,17,142,,,104,17,,
2013/12/16,18,85,,,98,17,,
2013/12/16,19,28,,,21,8,,
2013/12/16,20,15,,,13,4,,
2013/12/16,21,12,,,5,3,,
2013/12/16,22,12,,,5,3,,
2013/12/16,23,12,,,5,2,,
2013/12/16,24,11,,,6,3,,
2013/12/17,01,11,,,5,2,,
2013/12/17,02,10,,,5,3,,
2013/12/17,03,10,,,5,3,,
2013/12/17,04,12,,,4,2,,
2013/12/17,05,25,,,12,2,,
2013/12/17,06,40,,,26,2,,
2013/12/17,07,36,,,31,2,,
2013/12/17,08,38,,,25,3,,
2013/12/17,09,112,,,40,11,,
2013/12/17,10,147,,,100,20,,
2013/12/17,11,155,,,114,20,,
2013/12/17,12,146,,,111,22,,
2013/12/17,13,88,,,69,14,,
2013/12/17,14,149,,,93,15,,
2013/12/17,15,153,,,113,17,,
2013/12/17,16,146,,,105,16,,
2013/12/17,17,152,,,114,17,,
2013/12/17,18,92,,,104,18,,
2013/12/17,19,31,,,28,8,,
2013/12/17,20,13,,,11,4,,
2013/12/17,21,11,,,4,3,,
2013/12/17,22,11,,,4,3,,
2013/12/17,23,11,,,4,3,,
2013/12/17,24,10,,,4,3,,
2013/12/18,01,9,,,4,3,,
2013/12/18,02,9,,,4,3,,
2013/12/18,03,9,,,4,3,,
2013/12/18,04,11,,,3,2,,
2013/12/18,05,24,,,10,2,,
2013/12/18,06,38,,,24,2,,
2013/12/18,07,35,,,29,2,,
2013/12/18,08,39,,,25,2,,
2013/12/18,09,108,,,37,12,,
2013/12/18,10,156,,,109,20,,
2013/12/18,11,149,,,107,21,,
2013/12/18,12,146,,,108,23,,
2013/12/18,13,95,,,72,18,,
2013/12/18,14,163,,,98,20,,
2013/12/18,15,153,,,112,20,,
2013/12/18,16,146,,,104,17,,
2013/12/18,17,148,,,112,16,,
2013/12/18,18,91,,,102,17,,
2013/12/18,19,29,,,26,7,,
2013/12/18,20,18,,,12,5,,
2013/12/18,21,17,,,8,5,,
2013/12/18,22,13,,,6,4,,
2013/12/18,23,12,,,5,3,,
2013/12/18,24,13,,,7,3,,
2013/12/19,01,12,,,6,3,,
2013/12/19,02,11,,,6,3,,
2013/12/19,03,12,,,6,3,,
2013/12/19,04,13,,,5,2,,
2013/12/19,05,26,,,12,2,,
2013/12/19,06,40,,,26,2,,
2013/12/19,07,39,,,31,2,,
2013/12/19,08,40,,,27,3,,
2013/12/19,09,118,,,42,10,,
2013/12/19,10,151,,,112,19,,
2013/12/19,11,151,,,106,20,,
2013/12/19,12,146,,,108,22,,
2013/12/19,13,98,,,74,17,,
2013/12/19,14,158,,,97,17,,
2013/12/19,15,152,,,116,18,,
2013/12/19,16,143,,,101,17,,
2013/12/19,17,146,,,109,18,,
2013/12/19,18,114,,,102,17,,
2013/12/19,19,69,,,53,14,,
2013/12/19,20,43,,,42,11,,
2013/12/19,21,18,,,12,5,,
2013/12/19,22,13,,,6,3,,
2013/12/19,23,13,,,6,3,,
2013/12/19,24,12,,,6,3,,
2013/12/20,01,11,,,5,3,,
2013/12/20,02,10,,,5,3,,
2013/12/20,03,10,,,4,3,,
2013/12/20,04,12,,,4,2,,
2013/12/20,05,24,,,11,2,,
2013/12/20,06,39,,,25,2,,
2013/12/20,07,34,,,28,2,,
2013/12/20,08,38,,,23,2,,
2013/12/20,09,115,,,44,11,,
2013/12/20,10,151,,,105,20,,
2013/12/20,11,150,,,108,19,,
2013/12/20,12,132,,,103,21,,
2013/12/20,13,90,,,68,14,,
2013/12/20,14,144,,,89,17,,
2013/12/20,15,152,,,106,18,,
2013/12/20,16,146,,,104,18,,
2013/12/20,17,153,,,114,18,,
2013/12/20,18,99,,,104,18,,
2013/12/20,19,58,,,41,11,,
2013/12/20,20,39,,,38,9,,
2013/12/20,21,19,,,9,7,,
2013/12/20,22,16,,,6,6,,
2013/12/20,23,14,,,5,4,,
2013/12/20,24,12,,,6,4,,
2013/12/21,01,11,,,5,3,,
2013/12/21,02,11,,,5,3,,
2013/12/21,03,10,,,5,3,,
2013/12/21,04,12,,,4,2,,
2013/12/21,05,24,,,11,2,,
2013/12/21,06,35,,,21,2,,
2013/12/21,07,36,,,27,2,,
2013/12/21,08,41,,,26,3,,
2013/12/21,09,114,,,41,11,,
2013/12/21,10,140,,,104,20,,
2013/12/21,11,152,,,105,20,,
2013/12/21,12,132,,,101,22,,
2013/12/21,13,89,,,65,16,,
2013/12/21,14,136,,,85,18,,
2013/12/21,15,113,,,86,19,,
2013/12/21,16,116,,,70,18,,
2013/12/21,17,110,,,81,19,,
2013/12/21,18,53,,,61,16,,
2013/12/21,19,23,,,12,6,,
2013/12/21,20,19,,,11,5,,
2013/12/21,21,12,,,6,4,,
2013/12/21,22,11,,,4,3,,
2013/12/21,23,11,,,4,3,,
2013/12/21,24,10,,,4,3,,
2013/12/22,01,9,,,4,3,,
2013/12/22,02,10,,,4,3,,
2013/12/22,03,11,,,5,3,,
2013/12/22,04,11,,,4,3,,
2013/12/22,05,9,,,3,2,,
2013/12/22,06,9,,,3,2,,
2013/12/22,07,9,,,3,2,,
2013/12/22,08,9,,,3,2,,
2013/12/22,09,9,,,3,2,,
2013/12/22,10,9,,,3,2,,
2013/12/22,11,9,,,3,2,,
2013/12/22,12,9,,,3,2,,
2013/12/22,13,9,,,3,2,,
2013/12/22,14,10,,,3,2,,
2013/12/22,15,11,,,4,2,,
2013/12/22,16,10,,,4,2,,
2013/12/22,17,11,,,4,2,,
2013/12/22,18,10,,,4,3,,
2013/12/22,19,9,,,3,2,,
2013/12/22,20,9,,,3,2,,
2013/12/22,21,9,,,3,2,,
2013/12/22,22,9,,,3,2,,
2013/12/22,23,9,,,3,2,,
2013/12/22,24,9,,,4,2,,
2013/12/23,01,9,,,3,2,,
2013/12/23,02,9,,,4,2,,
2013/12/23,03,9,,,3,2,,
2013/12/23,04,9,,,3,2,,
2013/12/23,05,9,,,3,2,,
2013/12/23,06,9,,,3,2,,
2013/12/23,07,9,,,3,2,,
2013/12/23,08,9,,,3,2,,
2013/12/23,09,15,,,4,2,,
2013/12/23,10,22,,,11,3,,
2013/12/23,11,21,,,12,3,,
2013/12/23,12,22,,,13,3,,
2013/12/23,13,16,,,10,3,,
2013/12/23,14,18,,,10,2,,
2013/12/23,15,17,,,10,3,,
2013/12/23,16,17,,,9,2,,
2013/12/23,17,17,,,9,2,,
2013/12/23,18,14,,,9,3,,
2013/12/23,19,9,,,4,2,,
2013/12/23,20,9,,,3,2,,
2013/12/23,21,11,,,3,2,,
2013/12/23,22,9,,,4,2,,
2013/12/23,23,9,,,3,2,,
2013/12/23,24,9,,,3,2,,
2013/12/24,01,9,,,3,2,,
2013/12/24,02,9,,,3,2,,
2013/12/24,03,9,,,3,2,,
2013/12/24,04,11,,,3,2,,
2013/12/24,05,27,,,13,2,,
2013/12/24,06,38,,,23,2,,
2013/12/24,07,39,,,30,2,,
2013/12/24,08,50,,,31,2,,
2013/12/24,09,113,,,43,11,,
2013/12/24,10,164,,,113,21,,
2013/12/24,11,163,,,114,22,,
2013/12/24,12,152,,,115,23,,
2013/12/24,13,96,,,77,16,,
2013/12/24,14,157,,,97,18,,
2013/12/24,15,150,,,112,18,,
2013/12/24,16,139,,,101,18,,
2013/12/24,17,146,,,106,17,,
2013/12/24,18,84,,,102,17,,
2013/12/24,19,26,,,15,8,,
2013/12/24,20,21,,,12,7,,
2013/12/24,21,14,,,7,4,,
2013/12/24,22,13,,,6,3,,
2013/12/24,23,12,,,5,2,,
2013/12/24,24,11,,,5,3,,
2013/12/25,01,11,,,5,3,,
2013/12/25,02,10,,,4,3,,
2013/12/25,03,10,,,4,3,,
2013/12/25,04,13,,,3,2,,
2013/12/25,05,25,,,13,2,,
2013/12/25,06,40,,,24,2,,
2013/12/25,07,39,,,31,3,,
2013/12/25,08,47,,,27,2,,
2013/12/25,09,118,,,47,13,,
2013/12/25,10,156,,,110,20,,
2013/12/25,11,154,,,116,20,,
2013/12/25,12,131,,,98,23,,
2013/12/25,13,94,,,71,16,,
2013/12/25,14,136,,,84,18,,
2013/12/25,15,131,,,92,20,,
2013/12/25,16,124,,,86,20,,
2013/12/25,17,136,,,89,21,,
2013/12/25,18,89,,,95,20,,
2013/12/25,19,35,,,28,9,,
2013/12/25,20,29,,,18,5,,
2013/12/25,21,29,,,19,5,,
2013/12/25,22,23,,,18,5,,
2013/12/25,23,12,,,6,4,,
2013/12/25,24,10,,,5,3,,
2013/12/26,01,10,,,4,3,,
2013/12/26,02,10,,,4,3,,
2013/12/26,03,10,,,4,3,,
2013/12/26,04,12,,,3,3,,
2013/12/26,05,26,,,12,3,,
2013/12/26,06,38,,,24,2,,
2013/12/26,07,35,,,28,3,,
2013/12/26,08,42,,,23,3,,
2013/12/26,09,123,,,46,12,,
2013/12/26,10,145,,,109,20,,
2013/12/26,11,154,,,108,19,,
2013/12/26,12,142,,,110,23,,
2013/12/26,13,100,,,77,16,,
2013/12/26,14,139,,,88,18,,
2013/12/26,15,134,,,92,21,,
2013/12/26,16,129,,,90,20,,
2013/12/26,17,131,,,92,20,,
2013/12/26,18,66,,,79,19,,
2013/12/26,19,23,,,10,10,,
2013/12/26,20,22,,,7,8,,
2013/12/26,21,22,,,8,8,,
2013/12/26,22,19,,,7,8,,
2013/12/26,23,15,,,6,6,,
2013/12/26,24,14,,,7,4,,
2013/12/27,01,14,,,6,4,,
2013/12/27,02,12,,,5,4,,
2013/12/27,03,12,,,5,4,,
2013/12/27,04,14,,,4,4,,
2013/12/27,05,26,,,11,3,,
2013/12/27,06,39,,,22,3,,
2013/12/27,07,33,,,28,4,,
2013/12/27,08,41,,,21,4,,
2013/12/27,09,96,,,39,12,,
2013/12/27,10,120,,,84,19,,
2013/12/27,11,133,,,87,20,,
2013/12/27,12,118,,,88,22,,
2013/12/27,13,83,,,62,15,,
2013/12/27,14,116,,,69,18,,
2013/12/27,15,116,,,81,19,,
2013/12/27,16,102,,,72,18,,
2013/12/27,17,92,,,73,18,,
2013/12/27,18,20,,,27,11,,
2013/12/27,19,18,,,6,8,,
2013/12/27,20,18,,,4,8,,
2013/12/27,21,17,,,4,8,,
2013/12/27,22,15,,,4,7,,
2013/12/27,23,11,,,3,5,,
2013/12/27,24,10,,,3,4,,
2013/12/28,01,10,,,3,4,,
2013/12/28,02,11,,,3,5,,
2013/12/28,03,11,,,3,5,,
2013/12/28,04,10,,,3,4,,
2013/12/28,05,10,,,3,3,,
2013/12/28,06,22,,,8,3,,
2013/12/28,07,20,,,14,3,,
2013/12/28,08,24,,,14,2,,
2013/12/28,09,27,,,18,3,,
2013/12/28,10,28,,,19,4,,
2013/12/28,11,41,,,23,4,,
2013/12/28,12,34,,,29,5,,
2013/12/28,13,22,,,14,4,,
2013/12/28,14,27,,,18,4,,
2013/12/28,15,26,,,15,4,,
2013/12/28,16,21,,,12,4,,
2013/12/28,17,21,,,11,4,,
2013/12/28,18,23,,,11,4,,
2013/12/28,19,22,,,16,3,,
2013/12/28,20,9,,,7,3,,
2013/12/28,21,8,,,3,2,,
2013/12/28,22,8,,,3,2,,
2013/12/28,23,8,,,3,2,,
2013/12/28,24,8,,,3,2,,
2013/12/29,01,8,,,3,2,,
2013/12/29,02,8,,,3,2,,
2013/12/29,03,8,,,3,2,,
2013/12/29,04,8,,,3,2,,
2013/12/29,05,8,,,3,2,,
2013/12/29,06,8,,,3,2,,
2013/12/29,07,8,,,3,2,,
2013/12/29,08,8,,,3,2,,
2013/12/29,09,8,,,3,2,,
2013/12/29,10,8,,,3,2,,
2013/12/29,11,8,,,2,2,,
2013/12/29,12,8,,,3,2,,
2013/12/29,13,8,,,3,2,,
2013/12/29,14,8,,,3,2,,
2013/12/29,15,8,,,3,2,,
2013/12/29,16,8,,,3,2,,
2013/12/29,17,8,,,3,2,,
2013/12/29,18,8,,,3,2,,
2013/12/29,19,8,,,3,2,,
2013/12/29,20,8,,,3,2,,
2013/12/29,21,8,,,3,2,,
2013/12/29,22,9,,,3,2,,
2013/12/29,23,8,,,3,2,,
2013/12/29,24,8,,,3,2,,
2013/12/30,01,8,,,3,2,,
2013/12/30,02,8,,,3,2,,
2013/12/30,03,8,,,3,2,,
2013/12/30,04,10,,,3,2,,
2013/12/30,05,22,,,10,2,,
2013/12/30,06,38,,,22,2,,
2013/12/30,07,34,,,29,2,,
2013/12/30,08,30,,,22,2,,
2013/12/30,09,26,,,20,2,,
2013/12/30,10,25,,,18,3,,
2013/12/30,11,25,,,17,3,,
2013/12/30,12,18,,,13,3,,
2013/12/30,13,8,,,6,2,,
2013/12/30,14,10,,,3,2,,
2013/12/30,15,10,,,4,2,,
2013/12/30,16,9,,,4,2,,
2013/12/30,17,8,,,3,2,,
2013/12/30,18,8,,,3,2,,
2013/12/30,19,8,,,3,2,,
2013/12/30,20,8,,,3,2,,
2013/12/30,21,8,,,3,2,,
2013/12/30,22,8,,,3,2,,
2013/12/30,23,8,,,3,2,,
2013/12/30,24,8,,,3,2,,
2013/12/31,01,8,,,3,2,,
2013/12/31,02,8,,,3,2,,
2013/12/31,03,8,,,3,2,,
2013/12/31,04,8,,,3,2,,
2013/12/31,05,8,,,3,2,,
2013/12/31,06,8,,,3,2,,
2013/12/31,07,8,,,3,2,,
2013/12/31,08,8,,,3,2,,
2013/12/31,09,8,,,3,2,,
2013/12/31,10,8,,,3,2,,
2013/12/31,11,8,,,3,2,,
2013/12/31,12,8,,,3,2,,
2013/12/31,13,8,,,3,2,,
2013/12/31,14,8,,,3,2,,
2013/12/31,15,8,,,3,2,,
2013/12/31,16,8,,,3,2,,
2013/12/31,17,8,,,3,2,,
2013/12/31,18,8,,,3,2,,
2013/12/31,19,8,,,3,2,,
2013/12/31,20,8,,,3,2,,
2013/12/31,21,8,,,3,2,,
2013/12/31,22,8,,,3,2,,
2013/12/31,23,8,,,3,2,,
2013/12/31,24,8,,,3,2,,
2014/01/01,01,8,,,3,2,,
2014/01/01,02,8,,,3,2,,
2014/01/01,03,8,,,3,2,,
2014/01/01,04,8,,,3,2,,
2014/01/01,05,8,,,3,2,,
2014/01/01,06,8,,,3,2,,
2014/01/01,07,8,,,3,2,,
2014/01/01,08,8,,,3,2,,
2014/01/01,09,8,,,3,2,,
2014/01/01,10,8,,,3,2,,
2014/01/01,11,8,,,3,2,,
2014/01/01,12,8,,,3,2,,
2014/01/01,13,8,,,3,2,,
2014/01/01,14,8,,,3,2,,
2014/01/01,15,8,,,3,2,,
2014/01/01,16,8,,,2,2,,
2014/01/01,17,8,,,2,2,,
2014/01/01,18,8,,,3,2,,
2014/01/01,19,8,,,3,2,,
2014/01/01,20,8,,,3,2,,
2014/01/01,21,8,,,3,2,,
2014/01/01,22,8,,,3,2,,
2014/01/01,23,8,,,3,2,,
2014/01/01,24,8,,,3,2,,
2014/01/02,01,8,,,3,2,,
2014/01/02,02,8,,,3,2,,
2014/01/02,03,8,,,3,2,,
2014/01/02,04,8,,,3,2,,
2014/01/02,05,8,,,3,2,,
2014/01/02,06,8,,,3,2,,
2014/01/02,07,8,,,3,2,,
2014/01/02,08,8,,,3,2,,
2014/01/02,09,8,,,2,2,,
2014/01/02,10,8,,,3,2,,
2014/01/02,11,8,,,3,2,,
2014/01/02,12,8,,,3,2,,
2014/01/02,13,8,,,3,2,,
2014/01/02,14,8,,,2,2,,
2014/01/02,15,8,,,3,2,,
2014/01/02,16,8,,,3,2,,
2014/01/02,17,8,,,3,2,,
2014/01/02,18,8,,,3,2,,
2014/01/02,19,8,,,2,2,,
2014/01/02,20,8,,,2,2,,
2014/01/02,21,8,,,3,2,,
2014/01/02,22,8,,,3,2,,
2014/01/02,23,8,,,3,2,,
2014/01/02,24,8,,,3,2,,
2014/01/03,01,8,,,3,2,,
2014/01/03,02,8,,,3,2,,
2014/01/03,03,8,,,3,2,,
2014/01/03,04,8,,,3,2,,
2014/01/03,05,8,,,3,2,,
2014/01/03,06,8,,,3,2,,
2014/01/03,07,8,,,3,2,,
2014/01/03,08,8,,,3,2,,
2014/01/03,09,8,,,3,2,,
2014/01/03,10,8,,,3,2,,
2014/01/03,11,8,,,2,2,,
2014/01/03,12,8,,,3,2,,
2014/01/03,13,8,,,3,2,,
2014/01/03,14,8,,,3,2,,
2014/01/03,15,8,,,3,2,,
2014/01/03,16,8,,,3,2,,
2014/01/03,17,8,,,3,2,,
2014/01/03,18,8,,,3,2,,
2014/01/03,19,8,,,3,2,,
2014/01/03,20,8,,,3,2,,
2014/01/03,21,8,,,3,2,,
2014/01/03,22,8,,,3,2,,
2014/01/03,23,8,,,3,2,,
2014/01/03,24,8,,,3,2,,
2014/01/04,01,8,,,3,2,,
2014/01/04,02,8,,,3,2,,
2014/01/04,03,8,,,3,2,,
2014/01/04,04,8,,,3,2,,
2014/01/04,05,8,,,3,2,,
2014/01/04,06,8,,,3,2,,
2014/01/04,07,8,,,3,2,,
2014/01/04,08,8,,,3,2,,
2014/01/04,09,8,,,3,2,,
2014/01/04,10,8,,,3,2,,
2014/01/04,11,11,,,3,2,,
2014/01/04,12,12,,,7,2,,
2014/01/04,13,9,,,3,2,,
2014/01/04,14,13,,,4,3,,
2014/01/04,15,10,,,4,3,,
2014/01/04,16,9,,,3,2,,
2014/01/04,17,8,,,3,2,,
2014/01/04,18,8,,,3,2,,
2014/01/04,19,8,,,3,2,,
2014/01/04,20,8,,,3,2,,
2014/01/04,21,8,,,3,2,,
2014/01/04,22,8,,,3,2,,
2014/01/04,23,8,,,3,2,,
2014/01/04,24,8,,,3,2,,
2014/01/05,01,8,,,3,2,,
2014/01/05,02,8,,,3,2,,
2014/01/05,03,8,,,3,2,,
2014/01/05,04,8,,,3,2,,
2014/01/05,05,8,,,3,2,,
2014/01/05,06,8,,,3,2,,
2014/01/05,07,8,,,3,2,,
2014/01/05,08,8,,,3,2,,
2014/01/05,09,8,,,3,2,,
2014/01/05,10,8,,,3,2,,
2014/01/05,11,10,,,3,2,,
2014/01/05,12,10,,,4,2,,
2014/01/05,13,9,,,4,2,,
2014/01/05,14,9,,,3,2,,
2014/01/05,15,9,,,4,2,,
2014/01/05,16,8,,,3,2,,
2014/01/05,17,8,,,3,2,,
2014/01/05,18,8,,,2,2,,
2014/01/05,19,8,,,3,2,,
2014/01/05,20,8,,,3,2,,
2014/01/05,21,8,,,3,2,,
2014/01/05,22,8,,,3,2,,
2014/01/05,23,8,,,3,2,,
2014/01/05,24,8,,,3,2,,
2014/01/06,01,8,,,3,2,,
2014/01/06,02,8,,,3,2,,
2014/01/06,03,8,,,3,2,,
2014/01/06,04,10,,,3,2,,
2014/01/06,05,25,,,11,2,,
2014/01/06,06,40,,,25,2,,
2014/01/06,07,40,,,31,2,,
2014/01/06,08,51,,,31,2,,
2014/01/06,09,116,,,52,12,,
2014/01/06,10,163,,,108,19,,
2014/01/06,11,181,,,123,20,,
2014/01/06,12,170,,,134,23,,
2014/01/06,13,114,,,91,17,,
2014/01/06,14,187,,,116,19,,
2014/01/06,15,171,,,129,21,,
2014/01/06,16,157,,,117,20,,
2014/01/06,17,162,,,115,21,,
2014/01/06,18,118,,,124,21,,
2014/01/06,19,52,,,36,12,,
2014/01/06,20,52,,,33,9,,
2014/01/06,21,44,,,31,9,,
2014/01/06,22,22,,,20,6,,
2014/01/06,23,15,,,6,5,,
2014/01/06,24,14,,,7,5,,
2014/01/07,01,13,,,5,5,,
2014/01/07,02,12,,,4,5,,
2014/01/07,03,11,,,4,4,,
2014/01/07,04,13,,,3,4,,
2014/01/07,05,29,,,12,4,,
2014/01/07,06,35,,,23,4,,
2014/01/07,07,35,,,23,4,,
2014/01/07,08,58,,,29,4,,
2014/01/07,09,160,,,69,14,,
2014/01/07,10,176,,,140,20,,
2014/01/07,11,173,,,119,20,,
2014/01/07,12,165,,,127,23,,
2014/01/07,13,117,,,92,15,,
2014/01/07,14,177,,,112,18,,
2014/01/07,15,155,,,123,20,,
2014/01/07,16,144,,,101,18,,
2014/01/07,17,159,,,111,19,,
2014/01/07,18,120,,,114,20,,
2014/01/07,19,65,,,58,14,,
2014/01/07,20,45,,,32,10,,
2014/01/07,21,20,,,15,8,,
2014/01/07,22,16,,,7,6,,
2014/01/07,23,14,,,6,4,,
2014/01/07,24,12,,,6,4,,
2014/01/08,01,11,,,5,3,,
2014/01/08,02,11,,,5,3,,
2014/01/08,03,10,,,5,2,,
2014/01/08,04,11,,,3,2,,
2014/01/08,05,25,,,12,2,,
2014/01/08,06,38,,,25,2,,
2014/01/08,07,40,,,30,2,,
2014/01/08,08,45,,,27,3,,
2014/01/08,09,153,,,60,12,,
2014/01/08,10,174,,,140,19,,
2014/01/08,11,183,,,130,19,,
2014/01/08,12,162,,,135,20,,
2014/01/08,13,96,,,79,14,,
2014/01/08,14,158,,,98,17,,
2014/01/08,15,169,,,121,19,,
2014/01/08,16,148,,,111,18,,
2014/01/08,17,154,,,113,18,,
2014/01/08,18,120,,,106,19,,
2014/01/08,19,93,,,65,16,,
2014/01/08,20,66,,,64,11,,
2014/01/08,21,35,,,26,6,,
2014/01/08,22,25,,,23,5,,
2014/01/08,23,13,,,6,4,,
2014/01/08,24,12,,,6,4,,
2014/01/09,01,11,,,5,3,,
2014/01/09,02,11,,,5,3,,
2014/01/09,03,10,,,4,3,,
2014/01/09,04,11,,,3,2,,
2014/01/09,05,25,,,11,2,,
2014/01/09,06,38,,,23,2,,
2014/01/09,07,34,,,29,2,,
2014/01/09,08,49,,,27,3,,
2014/01/09,09,144,,,49,13,,
2014/01/09,10,164,,,135,20,,
2014/01/09,11,154,,,116,18,,
2014/01/09,12,140,,,110,20,,
2014/01/09,13,98,,,72,15,,
2014/01/09,14,158,,,101,18,,
2014/01/09,15,164,,,118,19,,
2014/01/09,16,156,,,110,19,,
2014/01/09,17,163,,,117,20,,
2014/01/09,18,131,,,118,19,,
2014/01/09,19,86,,,69,16,,
2014/01/09,20,39,,,45,14,,
2014/01/09,21,14,,,7,5,,
2014/01/09,22,13,,,6,3,,
2014/01/09,23,13,,,6,3,,
2014/01/09,24,13,,,6,3,,
2014/01/10,01,12,,,5,3,,
2014/01/10,02,11,,,5,3,,
2014/01/10,03,10,,,5,3,,
2014/01/10,04,12,,,3,3,,
2014/01/10,05,28,,,12,2,,
2014/01/10,06,49,,,32,3,,
2014/01/10,07,47,,,38,3,,
2014/01/10,08,70,,,38,3,,
2014/01/10,09,161,,,77,12,,
2014/01/10,10,178,,,136,21,,
2014/01/10,11,181,,,124,21,,
2014/01/10,12,176,,,138,23,,
2014/01/10,13,109,,,91,17,,
2014/01/10,14,177,,,111,18,,
2014/01/10,15,178,,,133,21,,
2014/01/10,16,166,,,116,20,,
2014/01/10,17,175,,,133,20,,
2014/01/10,18,109,,,115,19,,
2014/01/10,19,51,,,40,12,,
2014/01/10,20,40,,,27,9,,
2014/01/10,21,30,,,21,7,,
2014/01/10,22,15,,,12,5,,
2014/01/10,23,14,,,6,4,,
2014/01/10,24,14,,,8,3,,
2014/01/11,01,13,,,7,3,,
2014/01/11,02,11,,,6,3,,
2014/01/11,03,11,,,5,3,,
2014/01/11,04,11,,,4,2,,
2014/01/11,05,27,,,12,2,,
2014/01/11,06,48,,,31,2,,
2014/01/11,07,44,,,36,2,,
2014/01/11,08,55,,,36,3,,
2014/01/11,09,145,,,59,11,,
2014/01/11,10,175,,,130,20,,
2014/01/11,11,174,,,128,21,,
2014/01/11,12,161,,,125,23,,
2014/01/11,13,104,,,83,15,,
2014/01/11,14,178,,,112,18,,
2014/01/11,15,165,,,126,20,,
2014/01/11,16,158,,,111,16,,
2014/01/11,17,163,,,125,17,,
2014/01/11,18,94,,,106,16,,
2014/01/11,19,47,,,35,11,,
2014/01/11,20,30,,,27,8,,
2014/01/11,21,14,,,7,6,,
2014/01/11,22,13,,,4,5,,
2014/01/11,23,12,,,4,4,,
2014/01/11,24,12,,,4,5,,
2014/01/12,01,11,,,4,4,,
2014/01/12,02,9,,,4,3,,
2014/01/12,03,9,,,3,3,,
2014/01/12,04,9,,,3,3,,
2014/01/12,05,9,,,3,3,,
2014/01/12,06,9,,,3,3,,
2014/01/12,07,9,,,3,3,,
2014/01/12,08,9,,,3,3,,
2014/01/12,09,12,,,3,3,,
2014/01/12,10,13,,,3,6,,
2014/01/12,11,13,,,3,6,,
2014/01/12,12,13,,,3,6,,
2014/01/12,13,13,,,3,5,,
2014/01/12,14,13,,,3,6,,
2014/01/12,15,13,,,3,6,,
2014/01/12,16,13,,,3,6,,
2014/01/12,17,10,,,3,5,,
2014/01/12,18,10,,,3,3,,
2014/01/12,19,10,,,3,3,,
2014/01/12,20,10,,,3,3,,
2014/01/12,21,10,,,3,3,,
2014/01/12,22,10,,,3,3,,
2014/01/12,23,9,,,3,3,,
2014/01/12,24,9,,,3,3,,
2014/01/13,01,9,,,3,3,,
2014/01/13,02,9,,,3,3,,
2014/01/13,03,9,,,3,3,,
2014/01/13,04,9,,,3,3,,
2014/01/13,05,9,,,3,3,,
2014/01/13,06,9,,,3,3,,
2014/01/13,07,9,,,3,3,,
2014/01/13,08,9,,,3,3,,
2014/01/13,09,18,,,5,3,,
2014/01/13,10,20,,,9,6,,
2014/01/13,11,25,,,10,6,,
2014/01/13,12,24,,,13,6,,
2014/01/13,13,22,,,10,5,,
2014/01/13,14,23,,,11,5,,
2014/01/13,15,25,,,12,6,,
2014/01/13,16,17,,,10,6,,
2014/01/13,17,14,,,5,5,,
2014/01/13,18,11,,,4,3,,
2014/01/13,19,11,,,4,3,,
2014/01/13,20,11,,,4,3,,
2014/01/13,21,12,,,4,3,,
2014/01/13,22,10,,,4,3,,
2014/01/13,23,9,,,3,3,,
2014/01/13,24,9,,,3,3,,
2014/01/14,01,9,,,3,3,,
2014/01/14,02,9,,,3,3,,
2014/01/14,03,9,,,3,3,,
2014/01/14,04,11,,,3,3,,
2014/01/14,05,28,,,11,3,,
2014/01/14,06,51,,,31,3,,
2014/01/14,07,47,,,40,3,,
2014/01/14,08,64,,,35,3,,
2014/01/14,09,173,,,77,13,,
2014/01/14,10,220,,,161,20,,
2014/01/14,11,213,,,162,20,,
2014/01/14,12,201,,,157,22,,
2014/01/14,13,141,,,114,19,,
2014/01/14,14,201,,,139,19,,
2014/01/14,15,182,,,139,19,,
2014/01/14,16,178,,,122,19,,
2014/01/14,17,188,,,143,20,,
2014/01/14,18,163,,,133,20,,
2014/01/14,19,137,,,107,16,,
2014/01/14,20,75,,,92,14,,
2014/01/14,21,19,,,11,10,,
2014/01/14,22,15,,,7,5,,
2014/01/14,23,13,,,6,3,,
2014/01/14,24,13,,,6,3,,
2014/01/15,01,12,,,6,3,,
2014/01/15,02,11,,,5,3,,
2014/01/15,03,11,,,5,3,,
2014/01/15,04,12,,,4,3,,
2014/01/15,05,28,,,12,3,,
2014/01/15,06,49,,,31,3,,
2014/01/15,07,42,,,37,3,,
2014/01/15,08,61,,,30,3,,
2014/01/15,09,180,,,77,14,,
2014/01/15,10,219,,,166,22,,
2014/01/15,11,214,,,160,21,,
2014/01/15,12,192,,,152,25,,
2014/01/15,13,146,,,109,20,,
2014/01/15,14,199,,,137,20,,
2014/01/15,15,186,,,139,21,,
2014/01/15,16,189,,,130,21,,
2014/01/15,17,198,,,151,21,,
2014/01/15,18,162,,,137,21,,
2014/01/15,19,114,,,91,16,,
2014/01/15,20,68,,,67,12,,
2014/01/15,21,29,,,25,9,,
2014/01/15,22,15,,,7,8,,
2014/01/15,23,12,,,4,4,,
2014/01/15,24,11,,,5,4,,
2014/01/16,01,11,,,5,3,,
2014/01/16,02,10,,,4,3,,
2014/01/16,03,9,,,4,3,,
2014/01/16,04,11,,,3,2,,
2014/01/16,05,27,,,11,2,,
2014/01/16,06,49,,,31,2,,
2014/01/16,07,47,,,37,3,,
2014/01/16,08,58,,,35,5,,
2014/01/16,09,177,,,71,12,,
2014/01/16,10,219,,,165,21,,
2014/01/16,11,207,,,154,21,,
2014/01/16,12,200,,,156,23,,
2014/01/16,13,132,,,108,17,,
2014/01/16,14,190,,,124,18,,
2014/01/16,15,186,,,143,20,,
2014/01/16,16,157,,,113,20,,
2014/01/16,17,180,,,130,19,,
2014/01/16,18,145,,,128,19,,
2014/01/16,19,118,,,85,17,,
2014/01/16,20,80,,,77,15,,
2014/01/16,21,39,,,31,8,,
2014/01/16,22,24,,,22,6,,
2014/01/16,23,13,,,6,4,,
2014/01/16,24,11,,,5,3,,
2014/01/17,01,11,,,5,3,,
2014/01/17,02,10,,,5,3,,
2014/01/17,03,10,,,5,3,,
2014/01/17,04,11,,,3,2,,
2014/01/17,05,27,,,11,2,,
2014/01/17,06,48,,,31,2,,
2014/01/17,07,41,,,36,2,,
2014/01/17,08,66,,,36,3,,
2014/01/17,09,158,,,79,12,,
2014/01/17,10,188,,,135,21,,
2014/01/17,11,169,,,130,21,,
2014/01/17,12,165,,,124,21,,
2014/01/17,13,109,,,87,16,,
2014/01/17,14,161,,,108,17,,
2014/01/17,15,167,,,119,17,,
2014/01/17,16,148,,,113,18,,
2014/01/17,17,156,,,114,18,,
2014/01/17,18,103,,,104,19,,
2014/01/17,19,56,,,43,10,,
2014/01/17,20,38,,,40,8,,
2014/01/17,21,12,,,10,4,,
2014/01/17,22,11,,,5,3,,
2014/01/17,23,10,,,4,2,,
2014/01/17,24,10,,,5,3,,
2014/01/18,01,10,,,4,3,,
2014/01/18,02,9,,,3,3,,
2014/01/18,03,9,,,3,3,,
2014/01/18,04,11,,,3,2,,
2014/01/18,05,27,,,11,2,,
2014/01/18,06,48,,,31,2,,
2014/01/18,07,47,,,38,2,,
2014/01/18,08,60,,,36,2,,
2014/01/18,09,151,,,71,11,,
2014/01/18,10,169,,,133,19,,
2014/01/18,11,168,,,122,20,,
2014/01/18,12,153,,,122,21,,
2014/01/18,13,103,,,80,14,,
2014/01/18,14,166,,,107,15,,
2014/01/18,15,158,,,117,17,,
2014/01/18,16,148,,,109,17,,
2014/01/18,17,150,,,115,17,,
2014/01/18,18,70,,,76,17,,
2014/01/18,19,34,,,34,7,,
2014/01/18,20,23,,,21,4,,
2014/01/18,21,15,,,7,4,,
2014/01/18,22,11,,,5,3,,
2014/01/18,23,10,,,4,2,,
2014/01/18,24,10,,,4,3,,
2014/01/19,01,10,,,4,3,,
2014/01/19,02,9,,,4,3,,
2014/01/19,03,8,,,3,2,,
2014/01/19,04,8,,,3,2,,
2014/01/19,05,8,,,3,2,,
2014/01/19,06,9,,,3,2,,
2014/01/19,07,8,,,3,2,,
2014/01/19,08,8,,,3,2,,
2014/01/19,09,11,,,3,3,,
2014/01/19,10,11,,,3,4,,
2014/01/19,11,11,,,3,4,,
2014/01/19,12,11,,,3,4,,
2014/01/19,13,9,,,3,2,,
2014/01/19,14,10,,,3,2,,
2014/01/19,15,10,,,3,3,,
2014/01/19,16,8,,,3,2,,
2014/01/19,17,9,,,3,2,,
2014/01/19,18,9,,,3,2,,
2014/01/19,19,9,,,3,2,,
2014/01/19,20,9,,,3,2,,
2014/01/19,21,9,,,3,2,,
2014/01/19,22,8,,,3,2,,
2014/01/19,23,9,,,3,2,,
2014/01/19,24,9,,,3,2,,
2014/01/20,01,8,,,3,2,,
2014/01/20,02,8,,,3,2,,
2014/01/20,03,9,,,3,2,,
2014/01/20,04,8,,,3,2,,
2014/01/20,05,22,,,9,2,,
2014/01/20,06,35,,,22,2,,
2014/01/20,07,33,,,26,2,,
2014/01/20,08,54,,,27,2,,
2014/01/20,09,155,,,72,11,,
2014/01/20,10,184,,,134,21,,
2014/01/20,11,182,,,127,23,,
2014/01/20,12,185,,,142,23,,
2014/01/20,13,120,,,97,17,,
2014/01/20,14,171,,,114,17,,
2014/01/20,15,173,,,126,19,,
2014/01/20,16,167,,,121,19,,
2014/01/20,17,169,,,128,19,,
2014/01/20,18,105,,,117,19,,
2014/01/20,19,32,,,30,10,,
2014/01/20,20,20,,,13,6,,
2014/01/20,21,13,,,6,4,,
2014/01/20,22,12,,,4,4,,
2014/01/20,23,11,,,4,3,,
2014/01/20,24,11,,,4,4,,
2014/01/21,01,10,,,3,4,,
2014/01/21,02,10,,,3,4,,
2014/01/21,03,10,,,3,4,,
2014/01/21,04,12,,,3,3,,
2014/01/21,05,28,,,11,3,,
2014/01/21,06,51,,,31,3,,
2014/01/21,07,47,,,38,3,,
2014/01/21,08,65,,,37,3,,
2014/01/21,09,158,,,73,13,,
2014/01/21,10,174,,,137,20,,
2014/01/21,11,176,,,122,21,,
2014/01/21,12,163,,,131,22,,
2014/01/21,13,111,,,89,16,,
2014/01/21,14,169,,,104,16,,
2014/01/21,15,165,,,128,18,,
2014/01/21,16,152,,,106,17,,
2014/01/21,17,162,,,122,18,,
2014/01/21,18,98,,,105,19,,
2014/01/21,19,41,,,31,11,,
2014/01/21,20,28,,,24,8,,
2014/01/21,21,17,,,8,6,,
2014/01/21,22,15,,,6,4,,
2014/01/21,23,14,,,6,4,,
2014/01/21,24,12,,,5,4,,
2014/01/22,01,12,,,5,4,,
2014/01/22,02,10,,,4,4,,
2014/01/22,03,10,,,3,4,,
2014/01/22,04,12,,,3,3,,
2014/01/22,05,26,,,10,3,,
2014/01/22,06,49,,,28,3,,
2014/01/22,07,52,,,38,3,,
2014/01/22,08,61,,,42,3,,
2014/01/22,09,147,,,71,11,,
2014/01/22,10,175,,,130,19,,
2014/01/22,11,168,,,124,19,,
2014/01/22,12,161,,,124,19,,
2014/01/22,13,111,,,94,14,,
2014/01/22,14,171,,,108,14,,
2014/01/22,15,161,,,125,16,,
2014/01/22,16,168,,,119,16,,
2014/01/22,17,173,,,131,16,,
2014/01/22,18,125,,,122,19,,
2014/01/22,19,72,,,59,13,,
2014/01/22,20,37,,,40,10,,
2014/01/22,21,15,,,9,6,,
2014/01/22,22,14,,,5,4,,
2014/01/22,23,13,,,5,4,,
2014/01/22,24,11,,,5,4,,
2014/01/23,01,10,,,4,3,,
2014/01/23,02,10,,,4,3,,
2014/01/23,03,10,,,4,3,,
2014/01/23,04,12,,,3,3,,
2014/01/23,05,27,,,12,2,,
2014/01/23,06,49,,,30,2,,
2014/01/23,07,47,,,36,2,,
2014/01/23,08,63,,,40,3,,
2014/01/23,09,169,,,79,12,,
2014/01/23,10,195,,,141,21,,
2014/01/23,11,188,,,145,20,,
2014/01/23,12,172,,,134,21,,
2014/01/23,13,113,,,93,15,,
2014/01/23,14,169,,,111,16,,
2014/01/23,15,164,,,120,18,,
2014/01/23,16,156,,,113,17,,
2014/01/23,17,167,,,124,18,,
2014/01/23,18,112,,,114,17,,
2014/01/23,19,65,,,53,13,,
2014/01/23,20,34,,,31,8,,
2014/01/23,21,16,,,12,6,,
2014/01/23,22,12,,,5,4,,
2014/01/23,23,11,,,4,3,,
2014/01/23,24,11,,,4,3,,
2014/01/24,01,11,,,5,3,,
2014/01/24,02,11,,,5,3,,
2014/01/24,03,9,,,4,3,,
2014/01/24,04,12,,,3,3,,
2014/01/24,05,25,,,12,2,,
2014/01/24,06,37,,,22,2,,
2014/01/24,07,39,,,29,2,,
2014/01/24,08,59,,,34,3,,
2014/01/24,09,145,,,64,12,,
2014/01/24,10,179,,,127,20,,
2014/01/24,11,181,,,133,21,,
2014/01/24,12,161,,,128,22,,
2014/01/24,13,106,,,85,15,,
2014/01/24,14,165,,,108,16,,
2014/01/24,15,159,,,117,17,,
2014/01/24,16,152,,,113,17,,
2014/01/24,17,147,,,115,16,,
2014/01/24,18,72,,,84,17,,
2014/01/24,19,35,,,28,8,,
2014/01/24,20,30,,,21,6,,
2014/01/24,21,28,,,18,5,,
2014/01/24,22,17,,,15,5,,
2014/01/24,23,11,,,3,5,,
2014/01/24,24,11,,,3,5,,
2014/01/25,01,9,,,3,4,,
2014/01/25,02,9,,,3,3,,
2014/01/25,03,9,,,3,3,,
2014/01/25,04,9,,,3,2,,
2014/01/25,05,9,,,3,2,,
2014/01/25,06,9,,,3,2,,
2014/01/25,07,9,,,3,2,,
2014/01/25,08,9,,,3,2,,
2014/01/25,09,17,,,3,3,,
2014/01/25,10,24,,,12,5,,
2014/01/25,11,27,,,13,5,,
2014/01/25,12,26,,,15,6,,
2014/01/25,13,18,,,10,5,,
2014/01/25,14,23,,,11,4,,
2014/01/25,15,23,,,13,4,,
2014/01/25,16,21,,,12,4,,
2014/01/25,17,19,,,10,4,,
2014/01/25,18,15,,,10,4,,
2014/01/25,19,10,,,4,3,,
2014/01/25,20,9,,,3,2,,
2014/01/25,21,9,,,3,2,,
2014/01/25,22,9,,,3,2,,
2014/01/25,23,9,,,3,2,,
2014/01/25,24,9,,,4,2,,
2014/01/26,01,9,,,3,2,,
2014/01/26,02,9,,,3,2,,
2014/01/26,03,9,,,3,3,,
2014/01/26,04,9,,,3,2,,
2014/01/26,05,9,,,3,2,,
2014/01/26,06,8,,,3,2,,
2014/01/26,07,9,,,3,2,,
2014/01/26,08,9,,,3,2,,
2014/01/26,09,11,,,3,4,,
2014/01/26,10,12,,,3,5,,
2014/01/26,11,11,,,3,4,,
2014/01/26,12,12,,,3,5,,
2014/01/26,13,11,,,3,5,,
2014/01/26,14,11,,,3,5,,
2014/01/26,15,11,,,3,4,,
2014/01/26,16,11,,,3,4,,
2014/01/26,17,10,,,3,4,,
2014/01/26,18,9,,,3,3,,
2014/01/26,19,9,,,3,2,,
2014/01/26,20,9,,,3,2,,
2014/01/26,21,8,,,3,2,,
2014/01/26,22,9,,,3,2,,
2014/01/26,23,8,,,3,2,,
2014/01/26,24,8,,,3,2,,
2014/01/27,01,9,,,3,2,,
2014/01/27,02,9,,,3,2,,
2014/01/27,03,9,,,3,2,,
2014/01/27,04,11,,,3,2,,
2014/01/27,05,25,,,13,2,,
2014/01/27,06,39,,,24,2,,
2014/01/27,07,39,,,30,2,,
2014/01/27,08,68,,,36,2,,
2014/01/27,09,156,,,77,12,,
2014/01/27,10,192,,,137,20,,
2014/01/27,11,181,,,136,21,,
2014/01/27,12,176,,,136,22,,
2014/01/27,13,115,,,93,16,,
2014/01/27,14,179,,,114,17,,
2014/01/27,15,182,,,131,20,,
2014/01/27,16,172,,,129,19,,
2014/01/27,17,177,,,132,19,,
2014/01/27,18,153,,,126,19,,
2014/01/27,19,123,,,97,15,,
2014/01/27,20,68,,,75,13,,
2014/01/27,21,23,,,22,6,,
2014/01/27,22,12,,,8,3,,
2014/01/27,23,11,,,4,3,,
2014/01/27,24,11,,,5,3,,
2014/01/28,01,10,,,4,3,,
2014/01/28,02,9,,,3,3,,
2014/01/28,03,9,,,3,3,,
2014/01/28,04,12,,,3,3,,
2014/01/28,05,27,,,12,2,,
2014/01/28,06,50,,,30,2,,
2014/01/28,07,50,,,39,2,,
2014/01/28,08,67,,,44,3,,
2014/01/28,09,163,,,75,12,,
2014/01/28,10,188,,,139,20,,
2014/01/28,11,187,,,139,21,,
2014/01/28,12,180,,,140,22,,
2014/01/28,13,108,,,91,15,,
2014/01/28,14,174,,,111,16,,
2014/01/28,15,174,,,129,18,,
2014/01/28,16,153,,,117,17,,
2014/01/28,17,167,,,123,16,,
2014/01/28,18,134,,,119,15,,
2014/01/28,19,89,,,76,14,,
2014/01/28,20,51,,,47,13,,
2014/01/28,21,14,,,11,6,,
2014/01/28,22,12,,,5,3,,
2014/01/28,23,11,,,4,3,,
2014/01/28,24,10,,,5,3,,
2014/01/29,01,9,,,4,3,,
2014/01/29,02,9,,,3,3,,
2014/01/29,03,9,,,3,3,,
2014/01/29,04,12,,,3,2,,
2014/01/29,05,27,,,12,2,,
2014/01/29,06,47,,,30,2,,
2014/01/29,07,47,,,36,2,,
2014/01/29,08,61,,,42,3,,
2014/01/29,09,147,,,67,11,,
2014/01/29,10,170,,,124,19,,
2014/01/29,11,174,,,125,19,,
2014/01/29,12,150,,,119,20,,
2014/01/29,13,103,,,80,14,,
2014/01/29,14,156,,,101,15,,
2014/01/29,15,172,,,127,17,,
2014/01/29,16,158,,,113,16,,
2014/01/29,17,161,,,127,15,,
2014/01/29,18,130,,,114,16,,
2014/01/29,19,108,,,78,14,,
2014/01/29,20,76,,,73,13,,
2014/01/29,21,44,,,34,9,,
2014/01/29,22,15,,,15,6,,
2014/01/29,23,14,,,6,4,,
2014/01/29,24,12,,,6,4,,
2014/01/30,01,12,,,6,3,,
2014/01/30,02,11,,,5,3,,
2014/01/30,03,11,,,5,3,,
2014/01/30,04,13,,,4,3,,
2014/01/30,05,28,,,13,3,,
2014/01/30,06,50,,,30,2,,
2014/01/30,07,47,,,36,2,,
2014/01/30,08,57,,,40,3,,
2014/01/30,09,144,,,61,11,,
2014/01/30,10,143,,,113,22,,
2014/01/30,11,159,,,104,22,,
2014/01/30,12,152,,,118,19,,
2014/01/30,13,94,,,79,14,,
2014/01/30,14,171,,,105,15,,
2014/01/30,15,157,,,121,17,,
2014/01/30,16,149,,,111,15,,
2014/01/30,17,144,,,108,16,,
2014/01/30,18,123,,,105,15,,
2014/01/30,19,110,,,77,13,,
2014/01/30,20,70,,,73,11,,
2014/01/30,21,29,,,26,9,,
2014/01/30,22,13,,,6,5,,
2014/01/30,23,12,,,5,3,,
2014/01/30,24,11,,,5,3,,
2014/01/31,01,11,,,5,3,,
2014/01/31,02,10,,,4,3,,
2014/01/31,03,10,,,4,3,,
2014/01/31,04,13,,,3,3,,
2014/01/31,05,27,,,13,3,,
2014/01/31,06,48,,,30,2,,
2014/01/31,07,49,,,37,3,,
2014/01/31,08,60,,,40,3,,
2014/01/31,09,130,,,57,11,,
2014/01/31,10,170,,,122,16,,
2014/01/31,11,169,,,127,16,,
2014/01/31,12,142,,,120,17,,
2014/01/31,13,94,,,74,13,,
2014/01/31,14,167,,,104,14,,
2014/01/31,15,148,,,117,16,,
2014/01/31,16,136,,,97,16,,
2014/01/31,17,140,,,109,16,,
2014/01/31,18,104,,,95,16,,
2014/01/31,19,75,,,59,11,,
2014/01/31,20,40,,,41,9,,
2014/01/31,21,13,,,9,5,,
2014/01/31,22,11,,,5,3,,
2014/01/31,23,10,,,4,3,,
2014/01/31,24,10,,,4,3,,
2014/02/01,01,10,,,4,3,,
2014/02/01,02,9,,,3,2,,
2014/02/01,03,8,,,3,2,,
2014/02/01,04,8,,,3,2,,
2014/02/01,05,9,,,3,2,,
2014/02/01,06,8,,,3,2,,
2014/02/01,07,8,,,3,2,,
2014/02/01,08,8,,,3,2,,
2014/02/01,09,16,,,4,3,,
2014/02/01,10,19,,,10,4,,
2014/02/01,11,20,,,9,4,,
2014/02/01,12,19,,,9,4,,
2014/02/01,13,16,,,9,3,,
2014/02/01,14,19,,,9,3,,
2014/02/01,15,19,,,9,4,,
2014/02/01,16,19,,,9,4,,
2014/02/01,17,18,,,10,4,,
2014/02/01,18,13,,,8,4,,
2014/02/01,19,9,,,3,3,,
2014/02/01,20,9,,,3,2,,
2014/02/01,21,9,,,3,2,,
2014/02/01,22,8,,,3,2,,
2014/02/01,23,8,,,3,2,,
2014/02/01,24,8,,,3,2,,
2014/02/02,01,8,,,3,2,,
2014/02/02,02,9,,,3,2,,
2014/02/02,03,8,,,3,2,,
2014/02/02,04,8,,,3,2,,
2014/02/02,05,8,,,3,2,,
2014/02/02,06,8,,,3,2,,
2014/02/02,07,8,,,3,2,,
2014/02/02,08,10,,,3,2,,
2014/02/02,09,13,,,3,5,,
2014/02/02,10,12,,,3,5,,
2014/02/02,11,14,,,3,6,,
2014/02/02,12,14,,,3,7,,
2014/02/02,13,12,,,3,6,,
2014/02/02,14,19,,,6,6,,
2014/02/02,15,13,,,5,6,,
2014/02/02,16,11,,,3,5,,
2014/02/02,17,11,,,3,4,,
2014/02/02,18,9,,,3,3,,
2014/02/02,19,9,,,3,2,,
2014/02/02,20,9,,,3,2,,
2014/02/02,21,9,,,3,2,,
2014/02/02,22,8,,,3,2,,
2014/02/02,23,9,,,3,2,,
2014/02/02,24,9,,,3,2,,
2014/02/03,01,9,,,3,2,,
2014/02/03,02,9,,,3,2,,
2014/02/03,03,9,,,3,3,,
2014/02/03,04,11,,,3,2,,
2014/02/03,05,27,,,12,2,,
2014/02/03,06,49,,,31,2,,
2014/02/03,07,49,,,39,2,,
2014/02/03,08,59,,,36,2,,
2014/02/03,09,138,,,63,13,,
2014/02/03,10,182,,,130,19,,
2014/02/03,11,181,,,132,20,,
2014/02/03,12,168,,,134,20,,
2014/02/03,13,98,,,82,14,,
2014/02/03,14,171,,,108,15,,
2014/02/03,15,166,,,130,16,,
2014/02/03,16,151,,,109,16,,
2014/02/03,17,155,,,120,16,,
2014/02/03,18,125,,,105,16,,
2014/02/03,19,109,,,79,12,,
2014/02/03,20,71,,,76,11,,
2014/02/03,21,32,,,21,7,,
2014/02/03,22,22,,,17,6,,
2014/02/03,23,11,,,5,4,,
2014/02/03,24,11,,,5,3,,
2014/02/04,01,10,,,4,3,,
2014/02/04,02,9,,,3,3,,
2014/02/04,03,10,,,3,3,,
2014/02/04,04,12,,,3,3,,
2014/02/04,05,25,,,12,3,,
2014/02/04,06,37,,,22,2,,
2014/02/04,07,41,,,28,2,,
2014/02/04,08,48,,,35,3,,
2014/02/04,09,140,,,54,11,,
2014/02/04,10,182,,,135,20,,
2014/02/04,11,177,,,126,20,,
2014/02/04,12,167,,,132,20,,
2014/02/04,13,116,,,89,16,,
2014/02/04,14,186,,,120,17,,
2014/02/04,15,182,,,139,19,,
2014/02/04,16,172,,,123,19,,
2014/02/04,17,185,,,137,19,,
2014/02/04,18,150,,,135,19,,
2014/02/04,19,106,,,77,18,,
2014/02/04,20,81,,,67,14,,
2014/02/04,21,46,,,35,11,,
2014/02/04,22,37,,,23,9,,
2014/02/04,23,17,,,12,7,,
2014/02/04,24,13,,,6,4,,
2014/02/05,01,11,,,5,3,,
2014/02/05,02,11,,,5,3,,
2014/02/05,03,10,,,4,3,,
2014/02/05,04,13,,,3,3,,
2014/02/05,05,28,,,13,3,,
2014/02/05,06,49,,,30,2,,
2014/02/05,07,48,,,37,3,,
2014/02/05,08,61,,,43,3,,
2014/02/05,09,166,,,69,13,,
2014/02/05,10,203,,,154,22,,
2014/02/05,11,193,,,141,23,,
2014/02/05,12,180,,,140,23,,
2014/02/05,13,127,,,103,18,,
2014/02/05,14,183,,,121,18,,
2014/02/05,15,187,,,134,20,,
2014/02/05,16,178,,,129,20,,
2014/02/05,17,195,,,143,19,,
2014/02/05,18,146,,,141,20,,
2014/02/05,19,99,,,73,16,,
2014/02/05,20,66,,,59,14,,
2014/02/05,21,41,,,26,10,,
2014/02/05,22,30,,,23,8,,
2014/02/05,23,14,,,8,5,,
2014/02/05,24,12,,,6,4,,
2014/02/06,01,12,,,6,3,,
2014/02/06,02,12,,,5,3,,
2014/02/06,03,11,,,5,3,,
2014/02/06,04,13,,,4,3,,
2014/02/06,05,29,,,13,3,,
2014/02/06,06,49,,,31,3,,
2014/02/06,07,52,,,37,2,,
2014/02/06,08,79,,,48,3,,
2014/02/06,09,168,,,82,13,,
2014/02/06,10,216,,,159,21,,
2014/02/06,11,209,,,158,22,,
2014/02/06,12,201,,,158,25,,
2014/02/06,13,132,,,110,18,,
2014/02/06,14,199,,,130,18,,
2014/02/06,15,192,,,149,19,,
2014/02/06,16,172,,,131,18,,
2014/02/06,17,172,,,130,18,,
2014/02/06,18,113,,,121,19,,
2014/02/06,19,51,,,38,12,,
2014/02/06,20,31,,,30,10,,
2014/02/06,21,14,,,8,4,,
2014/02/06,22,13,,,6,3,,
2014/02/06,23,11,,,5,2,,
2014/02/06,24,11,,,5,3,,
2014/02/07,01,11,,,5,3,,
2014/02/07,02,10,,,4,3,,
2014/02/07,03,10,,,4,3,,
2014/02/07,04,11,,,3,2,,
2014/02/07,05,26,,,12,2,,
2014/02/07,06,48,,,30,2,,
2014/02/07,07,54,,,38,2,,
2014/02/07,08,59,,,43,3,,
2014/02/07,09,146,,,65,12,,
2014/02/07,10,179,,,130,21,,
2014/02/07,11,180,,,131,23,,
2014/02/07,12,167,,,126,23,,
2014/02/07,13,117,,,91,17,,
2014/02/07,14,178,,,116,18,,
2014/02/07,15,159,,,122,18,,
2014/02/07,16,147,,,107,17,,
2014/02/07,17,162,,,122,18,,
2014/02/07,18,93,,,107,19,,
2014/02/07,19,20,,,18,9,,
2014/02/07,20,17,,,7,5,,
2014/02/07,21,15,,,6,5,,
2014/02/07,22,12,,,5,4,,
2014/02/07,23,11,,,4,3,,
2014/02/07,24,10,,,4,4,,
2014/02/08,01,9,,,3,3,,
2014/02/08,02,9,,,3,3,,
2014/02/08,03,9,,,3,3,,
2014/02/08,04,10,,,3,2,,
2014/02/08,05,24,,,9,2,,
2014/02/08,06,47,,,28,2,,
2014/02/08,07,39,,,35,2,,
2014/02/08,08,51,,,27,2,,
2014/02/08,09,158,,,75,13,,
2014/02/08,10,179,,,136,18,,
2014/02/08,11,181,,,136,18,,
2014/02/08,12,165,,,129,18,,
2014/02/08,13,132,,,103,15,,
2014/02/08,14,164,,,117,15,,
2014/02/08,15,142,,,120,15,,
2014/02/08,16,34,,,59,12,,
2014/02/08,17,12,,,7,5,,
2014/02/08,18,10,,,4,3,,
2014/02/08,19,10,,,3,3,,
2014/02/08,20,10,,,3,3,,
2014/02/08,21,9,,,3,3,,
2014/02/08,22,9,,,3,3,,
2014/02/08,23,9,,,3,2,,
2014/02/08,24,9,,,3,3,,
2014/02/09,01,9,,,3,3,,
2014/02/09,02,9,,,3,3,,
2014/02/09,03,9,,,3,2,,
2014/02/09,04,9,,,3,2,,
2014/02/09,05,8,,,3,2,,
2014/02/09,06,8,,,3,2,,
2014/02/09,07,8,,,3,2,,
2014/02/09,08,8,,,3,2,,
2014/02/09,09,9,,,3,2,,
2014/02/09,10,8,,,3,2,,
2014/02/09,11,9,,,3,2,,
2014/02/09,12,8,,,3,2,,
2014/02/09,13,8,,,3,2,,
2014/02/09,14,8,,,3,2,,
2014/02/09,15,9,,,3,2,,
2014/02/09,16,9,,,3,2,,
2014/02/09,17,8,,,3,2,,
2014/02/09,18,9,,,3,2,,
2014/02/09,19,9,,,3,2,,
2014/02/09,20,9,,,3,2,,
2014/02/09,21,9,,,3,2,,
2014/02/09,22,8,,,3,2,,
2014/02/09,23,9,,,3,2,,
2014/02/09,24,8,,,3,2,,
2014/02/10,01,9,,,3,3,,
2014/02/10,02,9,,,3,2,,
2014/02/10,03,9,,,3,2,,
2014/02/10,04,12,,,3,2,,
2014/02/10,05,27,,,13,2,,
2014/02/10,06,39,,,26,2,,
2014/02/10,07,35,,,27,2,,
2014/02/10,08,63,,,32,2,,
2014/02/10,09,138,,,63,13,,
2014/02/10,10,176,,,129,19,,
2014/02/10,11,187,,,130,21,,
2014/02/10,12,172,,,132,21,,
2014/02/10,13,133,,,104,17,,
2014/02/10,14,152,,,107,18,,
2014/02/10,15,145,,,101,18,,
2014/02/10,16,130,,,98,18,,
2014/02/10,17,125,,,91,18,,
2014/02/10,18,80,,,78,17,,
2014/02/10,19,20,,,20,9,,
2014/02/10,20,15,,,7,4,,
2014/02/10,21,13,,,6,4,,
2014/02/10,22,14,,,6,4,,
2014/02/10,23,11,,,5,3,,
2014/02/10,24,10,,,4,3,,
2014/02/11,01,10,,,4,3,,
2014/02/11,02,9,,,4,3,,
2014/02/11,03,9,,,3,3,,
2014/02/11,04,10,,,3,2,,
2014/02/11,05,9,,,3,2,,
2014/02/11,06,8,,,3,2,,
2014/02/11,07,9,,,3,2,,
2014/02/11,08,9,,,3,2,,
2014/02/11,09,9,,,3,2,,
2014/02/11,10,8,,,3,2,,
2014/02/11,11,9,,,3,2,,
2014/02/11,12,9,,,3,2,,
2014/02/11,13,9,,,3,2,,
2014/02/11,14,8,,,3,2,,
2014/02/11,15,9,,,3,2,,
2014/02/11,16,9,,,3,2,,
2014/02/11,17,9,,,3,2,,
2014/02/11,18,9,,,3,3,,
2014/02/11,19,9,,,3,2,,
2014/02/11,20,9,,,3,2,,
2014/02/11,21,9,,,3,2,,
2014/02/11,22,9,,,3,2,,
2014/02/11,23,9,,,3,2,,
2014/02/11,24,9,,,3,3,,
2014/02/12,01,9,,,3,3,,
2014/02/12,02,9,,,3,3,,
2014/02/12,03,9,,,3,3,,
2014/02/12,04,12,,,3,2,,
2014/02/12,05,28,,,13,2,,
2014/02/12,06,51,,,31,2,,
2014/02/12,07,48,,,39,2,,
2014/02/12,08,57,,,41,2,,
2014/02/12,09,168,,,70,13,,
2014/02/12,10,193,,,147,22,,
2014/02/12,11,200,,,142,22,,
2014/02/12,12,179,,,142,25,,
2014/02/12,13,130,,,100,17,,
2014/02/12,14,180,,,119,19,,
2014/02/12,15,166,,,123,20,,
2014/02/12,16,155,,,115,19,,
2014/02/12,17,141,,,107,18,,
2014/02/12,18,103,,,102,18,,
2014/02/12,19,28,,,32,10,,
2014/02/12,20,15,,,8,5,,
2014/02/12,21,13,,,5,4,,
2014/02/12,22,12,,,4,3,,
2014/02/12,23,11,,,4,3,,
2014/02/12,24,11,,,4,3,,
2014/02/13,01,10,,,4,3,,
2014/02/13,02,10,,,4,3,,
2014/02/13,03,10,,,4,3,,
2014/02/13,04,13,,,3,3,,
2014/02/13,05,28,,,13,2,,
2014/02/13,06,49,,,31,2,,
2014/02/13,07,49,,,37,2,,
2014/02/13,08,62,,,44,3,,
2014/02/13,09,145,,,68,12,,
2014/02/13,10,167,,,130,17,,
2014/02/13,11,161,,,120,17,,
2014/02/13,12,142,,,116,19,,
2014/02/13,13,95,,,71,16,,
2014/02/13,14,142,,,87,17,,
2014/02/13,15,145,,,103,18,,
2014/02/13,16,124,,,89,18,,
2014/02/13,17,134,,,96,17,,
2014/02/13,18,82,,,93,17,,
2014/02/13,19,16,,,16,7,,
2014/02/13,20,13,,,6,3,,
2014/02/13,21,11,,,4,3,,
2014/02/13,22,11,,,4,3,,
2014/02/13,23,11,,,4,3,,
2014/02/13,24,10,,,5,3,,
2014/02/14,01,10,,,4,3,,
2014/02/14,02,10,,,4,3,,
2014/02/14,03,9,,,4,3,,
2014/02/14,04,12,,,3,2,,
2014/02/14,05,27,,,12,3,,
2014/02/14,06,48,,,30,2,,
2014/02/14,07,46,,,37,2,,
2014/02/14,08,65,,,39,3,,
2014/02/14,09,169,,,81,13,,
2014/02/14,10,193,,,146,20,,
2014/02/14,11,184,,,144,20,,
2014/02/14,12,183,,,133,22,,
2014/02/14,13,143,,,108,19,,
2014/02/14,14,187,,,126,19,,
2014/02/14,15,174,,,134,20,,
2014/02/14,16,171,,,122,20,,
2014/02/14,17,190,,,139,20,,
2014/02/14,18,120,,,133,20,,
2014/02/14,19,25,,,36,9,,
2014/02/14,20,13,,,5,4,,
2014/02/14,21,11,,,4,3,,
2014/02/14,22,11,,,4,3,,
2014/02/14,23,11,,,4,3,,
2014/02/14,24,10,,,4,3,,
2014/02/15,01,10,,,4,3,,
2014/02/15,02,9,,,3,3,,
2014/02/15,03,10,,,3,3,,
2014/02/15,04,12,,,3,3,,
2014/02/15,05,27,,,12,2,,
2014/02/15,06,50,,,31,2,,
2014/02/15,07,40,,,36,2,,
2014/02/15,08,58,,,32,2,,
2014/02/15,09,147,,,71,10,,
2014/02/15,10,186,,,131,18,,
2014/02/15,11,187,,,138,19,,
2014/02/15,12,177,,,140,20,,
2014/02/15,13,151,,,118,16,,
2014/02/15,14,187,,,130,18,,
2014/02/15,15,175,,,128,21,,
2014/02/15,16,145,,,115,19,,
2014/02/15,17,128,,,105,17,,
2014/02/15,18,71,,,78,15,,
2014/02/15,19,17,,,20,6,,
2014/02/15,20,13,,,6,3,,
2014/02/15,21,11,,,5,3,,
2014/02/15,22,11,,,4,3,,
2014/02/15,23,10,,,4,3,,
2014/02/15,24,10,,,4,3,,
2014/02/16,01,10,,,4,3,,
2014/02/16,02,10,,,4,3,,
2014/02/16,03,11,,,5,3,,
2014/02/16,04,10,,,4,3,,
2014/02/16,05,10,,,4,2,,
2014/02/16,06,10,,,4,2,,
2014/02/16,07,10,,,4,2,,
2014/02/16,08,10,,,4,2,,
2014/02/16,09,10,,,4,2,,
2014/02/16,10,10,,,4,2,,
2014/02/16,11,10,,,4,2,,
2014/02/16,12,10,,,4,2,,
2014/02/16,13,11,,,4,2,,
2014/02/16,14,10,,,4,2,,
2014/02/16,15,10,,,4,2,,
2014/02/16,16,10,,,4,2,,
2014/02/16,17,10,,,4,2,,
2014/02/16,18,10,,,4,3,,
2014/02/16,19,10,,,4,3,,
2014/02/16,20,10,,,4,3,,
2014/02/16,21,10,,,4,2,,
2014/02/16,22,10,,,4,2,,
2014/02/16,23,10,,,4,2,,
2014/02/16,24,10,,,4,3,,
2014/02/17,01,10,,,5,3,,
2014/02/17,02,10,,,5,3,,
2014/02/17,03,10,,,4,3,,
2014/02/17,04,13,,,4,2,,
2014/02/17,05,29,,,14,2,,
2014/02/17,06,52,,,33,2,,
2014/02/17,07,49,,,38,2,,
2014/02/17,08,73,,,45,3,,
2014/02/17,09,158,,,74,14,,
2014/02/17,10,195,,,135,20,,
2014/02/17,11,205,,,153,20,,
2014/02/17,12,181,,,146,21,,
2014/02/17,13,130,,,103,16,,
2014/02/17,14,180,,,119,16,,
2014/02/17,15,173,,,131,18,,
2014/02/17,16,158,,,116,16,,
2014/02/17,17,171,,,127,16,,
2014/02/17,18,101,,,120,16,,
2014/02/17,19,39,,,28,11,,
2014/02/17,20,28,,,24,9,,
2014/02/17,21,12,,,5,4,,
2014/02/17,22,12,,,4,3,,
2014/02/17,23,11,,,4,3,,
2014/02/17,24,10,,,4,3,,
2014/02/18,01,10,,,4,3,,
2014/02/18,02,10,,,4,3,,
2014/02/18,03,10,,,4,3,,
2014/02/18,04,11,,,3,3,,
2014/02/18,05,25,,,10,2,,
2014/02/18,06,47,,,30,3,,
2014/02/18,07,48,,,36,2,,
2014/02/18,08,61,,,39,3,,
2014/02/18,09,172,,,79,11,,
2014/02/18,10,198,,,149,20,,
2014/02/18,11,184,,,141,22,,
2014/02/18,12,158,,,124,22,,
2014/02/18,13,110,,,85,16,,
2014/02/18,14,165,,,108,15,,
2014/02/18,15,152,,,119,17,,
2014/02/18,16,141,,,101,16,,
2014/02/18,17,144,,,106,17,,
2014/02/18,18,126,,,103,16,,
2014/02/18,19,81,,,69,13,,
2014/02/18,20,46,,,46,13,,
2014/02/18,21,21,,,10,6,,
2014/02/18,22,24,,,16,3,,
2014/02/18,23,15,,,13,3,,
2014/02/18,24,11,,,6,3,,
2014/02/19,01,11,,,5,3,,
2014/02/19,02,10,,,5,3,,
2014/02/19,03,10,,,4,3,,
2014/02/19,04,12,,,3,3,,
2014/02/19,05,26,,,12,2,,
2014/02/19,06,49,,,30,2,,
2014/02/19,07,55,,,39,3,,
2014/02/19,08,58,,,42,4,,
2014/02/19,09,138,,,66,12,,
2014/02/19,10,139,,,106,19,,
2014/02/19,11,136,,,95,20,,
2014/02/19,12,128,,,95,21,,
2014/02/19,13,100,,,76,15,,
2014/02/19,14,142,,,91,15,,
2014/02/19,15,155,,,111,17,,
2014/02/19,16,152,,,110,17,,
2014/02/19,17,157,,,117,16,,
2014/02/19,18,104,,,114,18,,
2014/02/19,19,36,,,33,10,,
2014/02/19,20,19,,,11,7,,
2014/02/19,21,13,,,5,4,,
2014/02/19,22,12,,,4,4,,
2014/02/19,23,10,,,4,3,,
2014/02/19,24,11,,,4,3,,
2014/02/20,01,10,,,4,3,,
2014/02/20,02,9,,,4,3,,
2014/02/20,03,9,,,4,3,,
2014/02/20,04,12,,,3,2,,
2014/02/20,05,27,,,12,2,,
2014/02/20,06,49,,,31,2,,
2014/02/20,07,48,,,37,2,,
2014/02/20,08,57,,,39,3,,
2014/02/20,09,162,,,65,13,,
2014/02/20,10,188,,,144,21,,
2014/02/20,11,183,,,136,21,,
2014/02/20,12,177,,,133,23,,
2014/02/20,13,117,,,98,16,,
2014/02/20,14,178,,,111,17,,
2014/02/20,15,178,,,133,19,,
2014/02/20,16,165,,,121,18,,
2014/02/20,17,166,,,120,17,,
2014/02/20,18,114,,,122,17,,
2014/02/20,19,55,,,41,13,,
2014/02/20,20,34,,,32,11,,
2014/02/20,21,15,,,6,7,,
2014/02/20,22,11,,,5,3,,
2014/02/20,23,11,,,4,3,,
2014/02/20,24,10,,,5,3,,
2014/02/21,01,10,,,4,3,,
2014/02/21,02,10,,,4,3,,
2014/02/21,03,10,,,4,3,,
2014/02/21,04,12,,,3,2,,
2014/02/21,05,26,,,12,2,,
2014/02/21,06,48,,,29,2,,
2014/02/21,07,56,,,42,3,,
2014/02/21,08,62,,,43,4,,
2014/02/21,09,157,,,66,12,,
2014/02/21,10,178,,,138,21,,
2014/02/21,11,175,,,128,19,,
2014/02/21,12,176,,,136,18,,
2014/02/21,13,121,,,97,17,,
2014/02/21,14,176,,,118,16,,
2014/02/21,15,162,,,128,16,,
2014/02/21,16,140,,,104,16,,
2014/02/21,17,140,,,107,16,,
2014/02/21,18,91,,,92,17,,
2014/02/21,19,50,,,36,12,,
2014/02/21,20,33,,,30,9,,
2014/02/21,21,17,,,7,7,,
2014/02/21,22,14,,,6,3,,
2014/02/21,23,13,,,6,3,,
2014/02/21,24,12,,,5,3,,
2014/02/22,01,11,,,5,3,,
2014/02/22,02,9,,,4,3,,
2014/02/22,03,9,,,4,3,,
2014/02/22,04,9,,,3,2,,
2014/02/22,05,20,,,8,2,,
2014/02/22,06,16,,,10,2,,
2014/02/22,07,15,,,8,2,,
2014/02/22,08,16,,,8,2,,
2014/02/22,09,31,,,8,6,,
2014/02/22,10,36,,,21,9,,
2014/02/22,11,28,,,15,9,,
2014/02/22,12,29,,,13,9,,
2014/02/22,13,27,,,12,9,,
2014/02/22,14,31,,,14,8,,
2014/02/22,15,33,,,16,9,,
2014/02/22,16,29,,,14,9,,
2014/02/22,17,29,,,14,9,,
2014/02/22,18,34,,,17,9,,
2014/02/22,19,23,,,12,8,,
2014/02/22,20,19,,,11,5,,
2014/02/22,21,18,,,11,2,,
2014/02/22,22,18,,,10,2,,
2014/02/22,23,18,,,10,2,,
2014/02/22,24,17,,,12,2,,
2014/02/23,01,17,,,12,3,,
2014/02/23,02,18,,,12,3,,
2014/02/23,03,17,,,12,3,,
2014/02/23,04,17,,,9,2,,
2014/02/23,05,18,,,10,2,,
2014/02/23,06,17,,,10,2,,
2014/02/23,07,17,,,9,2,,
2014/02/23,08,18,,,10,2,,
2014/02/23,09,18,,,10,2,,
2014/02/23,10,17,,,9,2,,
2014/02/23,11,18,,,10,2,,
2014/02/23,12,18,,,10,2,,
2014/02/23,13,17,,,9,2,,
2014/02/23,14,18,,,10,2,,
2014/02/23,15,17,,,10,2,,
2014/02/23,16,17,,,9,2,,
2014/02/23,17,18,,,10,2,,
2014/02/23,18,17,,,10,2,,
2014/02/23,19,16,,,9,2,,
2014/02/23,20,9,,,5,2,,
2014/02/23,21,9,,,3,2,,
2014/02/23,22,9,,,3,2,,
2014/02/23,23,9,,,3,2,,
2014/02/23,24,9,,,3,2,,
2014/02/24,01,9,,,3,3,,
2014/02/24,02,9,,,3,3,,
2014/02/24,03,9,,,3,3,,
2014/02/24,04,11,,,3,2,,
2014/02/24,05,24,,,12,2,,
2014/02/24,06,39,,,23,2,,
2014/02/24,07,50,,,33,4,,
2014/02/24,08,66,,,37,6,,
2014/02/24,09,161,,,73,12,,
2014/02/24,10,185,,,142,19,,
2014/02/24,11,178,,,133,19,,
2014/02/24,12,173,,,130,22,,
2014/02/24,13,125,,,96,18,,
2014/02/24,14,178,,,119,18,,
2014/02/24,15,175,,,126,19,,
2014/02/24,16,163,,,121,18,,
2014/02/24,17,166,,,123,19,,
2014/02/24,18,133,,,118,19,,
2014/02/24,19,81,,,63,15,,
2014/02/24,20,54,,,49,11,,
2014/02/24,21,24,,,20,8,,
2014/02/24,22,14,,,6,5,,
2014/02/24,23,13,,,5,3,,
2014/02/24,24,12,,,6,3,,
2014/02/25,01,12,,,6,3,,
2014/02/25,02,11,,,5,3,,
2014/02/25,03,11,,,5,3,,
2014/02/25,04,13,,,4,3,,
2014/02/25,05,26,,,13,2,,
2014/02/25,06,39,,,23,2,,
2014/02/25,07,45,,,30,2,,
2014/02/25,08,76,,,44,3,,
2014/02/25,09,145,,,74,13,,
2014/02/25,10,178,,,130,19,,
2014/02/25,11,180,,,132,19,,
2014/02/25,12,169,,,133,19,,
2014/02/25,13,102,,,83,16,,
2014/02/25,14,172,,,108,16,,
2014/02/25,15,167,,,129,16,,
2014/02/25,16,151,,,112,17,,
2014/02/25,17,162,,,119,16,,
2014/02/25,18,140,,,116,16,,
2014/02/25,19,117,,,90,16,,
2014/02/25,20,66,,,76,15,,
2014/02/25,21,24,,,14,7,,
2014/02/25,22,23,,,12,4,,
2014/02/25,23,21,,,11,3,,
2014/02/25,24,20,,,14,3,,
2014/02/26,01,19,,,13,3,,
2014/02/26,02,19,,,13,3,,
2014/02/26,03,18,,,12,3,,
2014/02/26,04,21,,,10,3,,
2014/02/26,05,34,,,20,2,,
2014/02/26,06,46,,,29,2,,
2014/02/26,07,48,,,36,2,,
2014/02/26,08,53,,,38,3,,
2014/02/26,09,144,,,55,12,,
2014/02/26,10,176,,,134,18,,
2014/02/26,11,173,,,130,20,,
2014/02/26,12,149,,,118,19,,
2014/02/26,13,101,,,81,13,,
2014/02/26,14,161,,,102,15,,
2014/02/26,15,160,,,118,17,,
2014/02/26,16,150,,,110,17,,
2014/02/26,17,158,,,116,17,,
2014/02/26,18,121,,,111,18,,
2014/02/26,19,77,,,58,15,,
2014/02/26,20,51,,,45,13,,
2014/02/26,21,29,,,19,10,,
2014/02/26,22,18,,,8,7,,
2014/02/26,23,16,,,6,6,,
2014/02/26,24,13,,,7,3,,
2014/02/27,01,12,,,6,3,,
2014/02/27,02,11,,,6,3,,
2014/02/27,03,11,,,5,3,,
2014/02/27,04,13,,,4,3,,
2014/02/27,05,28,,,13,3,,
2014/02/27,06,48,,,30,3,,
2014/02/27,07,40,,,36,3,,
2014/02/27,08,51,,,31,3,,
2014/02/27,09,137,,,52,13,,
2014/02/27,10,171,,,127,19,,
2014/02/27,11,189,,,136,18,,
2014/02/27,12,167,,,137,19,,
2014/02/27,13,100,,,84,15,,
2014/02/27,14,162,,,100,16,,
2014/02/27,15,159,,,121,17,,
2014/02/27,16,152,,,108,17,,
2014/02/27,17,147,,,113,17,,
2014/02/27,18,115,,,101,17,,
2014/02/27,19,81,,,63,14,,
2014/02/27,20,60,,,52,13,,
2014/02/27,21,22,,,23,7,,
2014/02/27,22,15,,,7,4,,
2014/02/27,23,13,,,6,3,,
2014/02/27,24,12,,,6,3,,
2014/02/28,01,11,,,5,3,,
2014/02/28,02,11,,,5,3,,
2014/02/28,03,11,,,5,3,,
2014/02/28,04,12,,,3,3,,
2014/02/28,05,27,,,12,3,,
2014/02/28,06,48,,,29,2,,
2014/02/28,07,42,,,36,3,,
2014/02/28,08,48,,,29,4,,
2014/02/28,09,121,,,50,10,,
2014/02/28,10,150,,,112,16,,
2014/02/28,11,153,,,112,16,,
2014/02/28,12,130,,,103,17,,
2014/02/28,13,85,,,70,12,,
2014/02/28,14,130,,,85,14,,
2014/02/28,15,143,,,97,16,,
2014/02/28,16,135,,,102,16,,
2014/02/28,17,141,,,104,16,,
2014/02/28,18,111,,,103,16,,
2014/02/28,19,76,,,56,14,,
2014/02/28,20,46,,,42,12,,
2014/02/28,21,26,,,19,7,,
2014/02/28,22,14,,,10,4,,
2014/02/28,23,13,,,5,3,,
2014/02/28,24,11,,,5,3,,
2014/03/01,01,12,,,5,4,,
2014/03/01,02,11,,,5,3,,
2014/03/01,03,10,,,4,3,,
2014/03/01,04,12,,,3,3,,
2014/03/01,05,24,,,12,3,,
2014/03/01,06,36,,,21,3,,
2014/03/01,07,33,,,28,3,,
2014/03/01,08,49,,,23,4,,
2014/03/01,09,113,,,45,13,,
2014/03/01,10,146,,,109,16,,
2014/03/01,11,155,,,111,17,,
2014/03/01,12,152,,,120,18,,
2014/03/01,13,94,,,74,14,,
2014/03/01,14,153,,,94,15,,
2014/03/01,15,139,,,115,16,,
2014/03/01,16,137,,,93,16,,
2014/03/01,17,134,,,102,16,,
2014/03/01,18,99,,,95,16,,
2014/03/01,19,49,,,42,11,,
2014/03/01,20,30,,,26,11,,
2014/03/01,21,14,,,8,3,,
2014/03/01,22,13,,,6,3,,
2014/03/01,23,13,,,6,2,,
2014/03/01,24,12,,,7,3,,
2014/03/02,01,12,,,7,3,,
2014/03/02,02,11,,,6,3,,
2014/03/02,03,11,,,6,3,,
2014/03/02,04,11,,,5,2,,
2014/03/02,05,11,,,5,2,,
2014/03/02,06,11,,,5,2,,
2014/03/02,07,11,,,5,2,,
2014/03/02,08,16,,,5,2,,
2014/03/02,09,26,,,14,3,,
2014/03/02,10,18,,,13,3,,
2014/03/02,11,12,,,5,3,,
2014/03/02,12,11,,,5,3,,
2014/03/02,13,11,,,5,2,,
2014/03/02,14,12,,,5,2,,
2014/03/02,15,12,,,5,2,,
2014/03/02,16,11,,,5,2,,
2014/03/02,17,11,,,5,2,,
2014/03/02,18,11,,,5,3,,
2014/03/02,19,11,,,5,3,,
2014/03/02,20,12,,,5,3,,
2014/03/02,21,11,,,5,2,,
2014/03/02,22,11,,,5,2,,
2014/03/02,23,11,,,5,2,,
2014/03/02,24,11,,,6,3,,
2014/03/03,01,11,,,6,3,,
2014/03/03,02,11,,,6,3,,
2014/03/03,03,11,,,6,3,,
2014/03/03,04,14,,,5,2,,
2014/03/03,05,28,,,15,2,,
2014/03/03,06,39,,,25,2,,
2014/03/03,07,37,,,29,2,,
2014/03/03,08,68,,,32,3,,
2014/03/03,09,146,,,71,12,,
2014/03/03,10,186,,,140,18,,
2014/03/03,11,195,,,142,18,,
2014/03/03,12,188,,,146,19,,
2014/03/03,13,125,,,106,16,,
2014/03/03,14,184,,,127,15,,
2014/03/03,15,175,,,130,17,,
2014/03/03,16,168,,,125,18,,
2014/03/03,17,165,,,127,18,,
2014/03/03,18,165,,,125,16,,
2014/03/03,19,155,,,118,16,,
2014/03/03,20,90,,,102,16,,
2014/03/03,21,34,,,29,9,,
2014/03/03,22,21,,,19,5,,
2014/03/03,23,15,,,8,3,,
2014/03/03,24,14,,,8,3,,
2014/03/04,01,13,,,7,3,,
2014/03/04,02,13,,,7,3,,
2014/03/04,03,13,,,7,3,,
2014/03/04,04,15,,,5,3,,
2014/03/04,05,28,,,14,3,,
2014/03/04,06,39,,,25,2,,
2014/03/04,07,33,,,28,2,,
2014/03/04,08,38,,,24,3,,
2014/03/04,09,142,,,54,11,,
2014/03/04,10,183,,,130,18,,
2014/03/04,11,197,,,142,20,,
2014/03/04,12,172,,,139,20,,
2014/03/04,13,111,,,90,14,,
2014/03/04,14,179,,,114,16,,
2014/03/04,15,172,,,138,17,,
2014/03/04,16,155,,,113,16,,
2014/03/04,17,174,,,127,17,,
2014/03/04,18,167,,,126,17,,
2014/03/04,19,160,,,120,17,,
2014/03/04,20,94,,,111,16,,
2014/03/04,21,26,,,26,9,,
2014/03/04,22,14,,,7,4,,
2014/03/04,23,12,,,5,3,,
2014/03/04,24,11,,,5,3,,
2014/03/05,01,11,,,5,3,,
2014/03/05,02,11,,,5,3,,
2014/03/05,03,10,,,4,3,,
2014/03/05,04,12,,,3,3,,
2014/03/05,05,25,,,12,3,,
2014/03/05,06,38,,,22,3,,
2014/03/05,07,35,,,29,3,,
2014/03/05,08,49,,,29,3,,
2014/03/05,09,134,,,56,12,,
2014/03/05,10,176,,,127,18,,
2014/03/05,11,187,,,136,20,,
2014/03/05,12,166,,,131,21,,
2014/03/05,13,117,,,90,17,,
2014/03/05,14,175,,,112,17,,
2014/03/05,15,172,,,130,18,,
2014/03/05,16,160,,,116,19,,
2014/03/05,17,162,,,120,18,,
2014/03/05,18,162,,,116,19,,
2014/03/05,19,138,,,116,17,,
2014/03/05,20,86,,,88,14,,
2014/03/05,21,34,,,34,10,,
2014/03/05,22,15,,,8,6,,
2014/03/05,23,14,,,6,4,,
2014/03/05,24,12,,,6,4,,
2014/03/06,01,11,,,5,3,,
2014/03/06,02,11,,,5,3,,
2014/03/06,03,11,,,5,3,,
2014/03/06,04,14,,,4,3,,
2014/03/06,05,26,,,13,3,,
2014/03/06,06,38,,,22,2,,
2014/03/06,07,34,,,31,3,,
2014/03/06,08,45,,,23,3,,
2014/03/06,09,148,,,58,11,,
2014/03/06,10,182,,,136,19,,
2014/03/06,11,166,,,125,19,,
2014/03/06,12,162,,,124,19,,
2014/03/06,13,104,,,84,15,,
2014/03/06,14,159,,,100,16,,
2014/03/06,15,159,,,117,17,,
2014/03/06,16,154,,,113,17,,
2014/03/06,17,169,,,127,16,,
2014/03/06,18,123,,,112,18,,
2014/03/06,19,110,,,71,16,,
2014/03/06,20,84,,,76,15,,
2014/03/06,21,32,,,35,11,,
2014/03/06,22,12,,,7,4,,
2014/03/06,23,11,,,4,3,,
2014/03/06,24,11,,,4,3,,
2014/03/07,01,11,,,5,3,,
2014/03/07,02,10,,,4,3,,
2014/03/07,03,10,,,3,3,,
2014/03/07,04,12,,,3,3,,
2014/03/07,05,27,,,12,2,,
2014/03/07,06,50,,,30,2,,
2014/03/07,07,49,,,39,3,,
2014/03/07,08,65,,,38,4,,
2014/03/07,09,145,,,69,12,,
2014/03/07,10,169,,,127,18,,
2014/03/07,11,181,,,130,18,,
2014/03/07,12,156,,,125,19,,
2014/03/07,13,115,,,88,15,,
2014/03/07,14,163,,,107,16,,
2014/03/07,15,159,,,117,17,,
2014/03/07,16,138,,,105,17,,
2014/03/07,17,158,,,109,17,,
2014/03/07,18,153,,,118,17,,
2014/03/07,19,118,,,101,16,,
2014/03/07,20,67,,,75,15,,
2014/03/07,21,16,,,13,7,,
2014/03/07,22,14,,,6,3,,
2014/03/07,23,12,,,5,3,,
2014/03/07,24,11,,,4,3,,
2014/03/08,01,10,,,4,3,,
2014/03/08,02,10,,,4,3,,
2014/03/08,03,9,,,4,3,,
2014/03/08,04,9,,,3,2,,
2014/03/08,05,9,,,3,2,,
2014/03/08,06,20,,,8,2,,
2014/03/08,07,17,,,14,2,,
2014/03/08,08,15,,,9,2,,
2014/03/08,09,30,,,10,2,,
2014/03/08,10,33,,,26,3,,
2014/03/08,11,33,,,22,4,,
2014/03/08,12,25,,,19,4,,
2014/03/08,13,16,,,11,3,,
2014/03/08,14,18,,,9,3,,
2014/03/08,15,20,,,10,3,,
2014/03/08,16,19,,,10,3,,
2014/03/08,17,18,,,10,3,,
2014/03/08,18,16,,,10,3,,
2014/03/08,19,9,,,4,3,,
2014/03/08,20,9,,,3,2,,
2014/03/08,21,9,,,3,2,,
2014/03/08,22,9,,,3,2,,
2014/03/08,23,9,,,3,2,,
2014/03/08,24,9,,,3,3,,
2014/03/09,01,9,,,3,3,,
2014/03/09,02,9,,,3,3,,
2014/03/09,03,9,,,3,3,,
2014/03/09,04,9,,,3,2,,
2014/03/09,05,9,,,3,2,,
2014/03/09,06,9,,,3,2,,
2014/03/09,07,9,,,3,2,,
2014/03/09,08,9,,,3,2,,
2014/03/09,09,9,,,3,2,,
2014/03/09,10,9,,,3,2,,
2014/03/09,11,9,,,3,2,,
2014/03/09,12,8,,,3,2,,
2014/03/09,13,8,,,3,2,,
2014/03/09,14,8,,,3,2,,
2014/03/09,15,8,,,3,2,,
2014/03/09,16,8,,,3,2,,
2014/03/09,17,9,,,3,2,,
2014/03/09,18,9,,,3,2,,
2014/03/09,19,9,,,3,3,,
2014/03/09,20,9,,,3,2,,
2014/03/09,21,9,,,3,2,,
2014/03/09,22,9,,,3,2,,
2014/03/09,23,10,,,3,2,,
2014/03/09,24,9,,,4,3,,
2014/03/10,01,9,,,3,3,,
2014/03/10,02,9,,,3,2,,
2014/03/10,03,9,,,3,3,,
2014/03/10,04,11,,,3,2,,
2014/03/10,05,25,,,13,2,,
2014/03/10,06,40,,,24,2,,
2014/03/10,07,46,,,33,2,,
2014/03/10,08,53,,,32,3,,
2014/03/10,09,153,,,62,14,,
2014/03/10,10,209,,,148,20,,
2014/03/10,11,208,,,155,19,,
2014/03/10,12,190,,,155,19,,
2014/03/10,13,131,,,103,14,,
2014/03/10,14,173,,,126,15,,
2014/03/10,15,169,,,123,18,,
2014/03/10,16,161,,,118,18,,
2014/03/10,17,157,,,114,20,,
2014/03/10,18,145,,,112,20,,
2014/03/10,19,133,,,96,19,,
2014/03/10,20,92,,,93,17,,
2014/03/10,21,37,,,29,10,,
2014/03/10,22,24,,,17,4,,
2014/03/10,23,22,,,14,3,,
2014/03/10,24,21,,,15,3,,
2014/03/11,01,21,,,15,3,,
2014/03/11,02,21,,,15,3,,
2014/03/11,03,21,,,15,3,,
2014/03/11,04,23,,,12,3,,
2014/03/11,05,35,,,20,3,,
2014/03/11,06,48,,,29,3,,
2014/03/11,07,58,,,40,3,,
2014/03/11,08,72,,,46,4,,
2014/03/11,09,138,,,66,14,,
2014/03/11,10,180,,,128,17,,
2014/03/11,11,164,,,125,17,,
2014/03/11,12,161,,,122,19,,
2014/03/11,13,122,,,96,14,,
2014/03/11,14,172,,,113,17,,
2014/03/11,15,160,,,123,19,,
2014/03/11,16,138,,,98,18,,
2014/03/11,17,154,,,112,17,,
2014/03/11,18,140,,,111,18,,
2014/03/11,19,113,,,84,17,,
2014/03/11,20,81,,,69,16,,
2014/03/11,21,49,,,41,12,,
2014/03/11,22,24,,,19,9,,
2014/03/11,23,13,,,6,3,,
2014/03/11,24,12,,,6,3,,
2014/03/12,01,11,,,5,3,,
2014/03/12,02,11,,,5,3,,
2014/03/12,03,10,,,4,3,,
2014/03/12,04,12,,,3,3,,
2014/03/12,05,25,,,12,2,,
2014/03/12,06,37,,,22,2,,
2014/03/12,07,36,,,28,2,,
2014/03/12,08,54,,,34,3,,
2014/03/12,09,136,,,58,12,,
2014/03/12,10,182,,,129,18,,
2014/03/12,11,167,,,127,19,,
2014/03/12,12,159,,,125,19,,
2014/03/12,13,103,,,82,14,,
2014/03/12,14,142,,,97,15,,
2014/03/12,15,149,,,105,17,,
2014/03/12,16,138,,,101,16,,
2014/03/12,17,146,,,109,17,,
2014/03/12,18,132,,,104,17,,
2014/03/12,19,118,,,86,16,,
2014/03/12,20,82,,,77,16,,
2014/03/12,21,36,,,28,11,,
2014/03/12,22,21,,,17,7,,
2014/03/12,23,12,,,5,3,,
2014/03/12,24,11,,,5,3,,
2014/03/13,01,11,,,5,3,,
2014/03/13,02,11,,,5,3,,
2014/03/13,03,11,,,5,3,,
2014/03/13,04,13,,,3,2,,
2014/03/13,05,27,,,12,3,,
2014/03/13,06,48,,,29,3,,
2014/03/13,07,40,,,35,2,,
2014/03/13,08,62,,,32,3,,
2014/03/13,09,126,,,59,12,,
2014/03/13,10,158,,,111,19,,
2014/03/13,11,161,,,121,18,,
2014/03/13,12,148,,,115,19,,
2014/03/13,13,92,,,75,13,,
2014/03/13,14,145,,,94,15,,
2014/03/13,15,147,,,105,17,,
2014/03/13,16,133,,,94,16,,
2014/03/13,17,156,,,112,16,,
2014/03/13,18,136,,,114,17,,
2014/03/13,19,119,,,83,15,,
2014/03/13,20,82,,,76,14,,
2014/03/13,21,50,,,41,11,,
2014/03/13,22,22,,,20,8,,
2014/03/13,23,13,,,6,3,,
2014/03/13,24,12,,,6,3,,
2014/03/14,01,12,,,6,3,,
2014/03/14,02,12,,,6,3,,
2014/03/14,03,11,,,5,3,,
2014/03/14,04,13,,,4,3,,
2014/03/14,05,28,,,13,3,,
2014/03/14,06,49,,,29,3,,
2014/03/14,07,41,,,37,3,,
2014/03/14,08,47,,,29,4,,
2014/03/14,09,138,,,57,12,,
2014/03/14,10,181,,,129,19,,
2014/03/14,11,176,,,134,18,,
2014/03/14,12,168,,,130,21,,
2014/03/14,13,96,,,84,14,,
2014/03/14,14,157,,,98,14,,
2014/03/14,15,156,,,118,16,,
2014/03/14,16,152,,,107,15,,
2014/03/14,17,168,,,126,15,,
2014/03/14,18,145,,,122,16,,
2014/03/14,19,119,,,92,15,,
2014/03/14,20,84,,,78,14,,
2014/03/14,21,48,,,33,13,,
2014/03/14,22,21,,,19,8,,
2014/03/14,23,12,,,5,4,,
2014/03/14,24,11,,,5,3,,
2014/03/15,01,11,,,5,3,,
2014/03/15,02,11,,,5,3,,
2014/03/15,03,10,,,4,3,,
2014/03/15,04,11,,,3,3,,
2014/03/15,05,12,,,5,3,,
2014/03/15,06,30,,,14,3,,
2014/03/15,07,26,,,22,2,,
2014/03/15,08,41,,,16,2,,
2014/03/15,09,136,,,56,11,,
2014/03/15,10,162,,,121,18,,
2014/03/15,11,165,,,123,17,,
2014/03/15,12,150,,,117,17,,
2014/03/15,13,94,,,78,12,,
2014/03/15,14,163,,,105,13,,
2014/03/15,15,161,,,125,15,,
2014/03/15,16,141,,,105,14,,
2014/03/15,17,150,,,115,15,,
2014/03/15,18,101,,,100,15,,
2014/03/15,19,53,,,41,10,,
2014/03/15,20,44,,,35,8,,
2014/03/15,21,27,,,15,6,,
2014/03/15,22,13,,,12,4,,
2014/03/15,23,10,,,4,3,,
2014/03/15,24,10,,,4,3,,
2014/03/16,01,9,,,3,3,,
2014/03/16,02,9,,,3,3,,
2014/03/16,03,10,,,3,3,,
2014/03/16,04,11,,,3,4,,
2014/03/16,05,13,,,5,4,,
2014/03/16,06,12,,,4,4,,
2014/03/16,07,10,,,4,3,,
2014/03/16,08,11,,,4,3,,
2014/03/16,09,26,,,6,3,,
2014/03/16,10,35,,,25,3,,
2014/03/16,11,35,,,25,3,,
2014/03/16,12,24,,,23,3,,
2014/03/16,13,16,,,7,3,,
2014/03/16,14,32,,,15,3,,
2014/03/16,15,27,,,24,3,,
2014/03/16,16,27,,,11,3,,
2014/03/16,17,35,,,24,3,,
2014/03/16,18,31,,,24,3,,
2014/03/16,19,11,,,9,5,,
2014/03/16,20,10,,,3,3,,
2014/03/16,21,10,,,3,3,,
2014/03/16,22,9,,,3,3,,
2014/03/16,23,9,,,3,3,,
2014/03/16,24,9,,,3,3,,
2014/03/17,01,9,,,3,3,,
2014/03/17,02,9,,,3,3,,
2014/03/17,03,9,,,3,3,,
2014/03/17,04,12,,,3,3,,
2014/03/17,05,25,,,13,2,,
2014/03/17,06,38,,,23,2,,
2014/03/17,07,34,,,29,2,,
2014/03/17,08,43,,,25,3,,
2014/03/17,09,124,,,49,11,,
2014/03/17,10,173,,,115,17,,
2014/03/17,11,169,,,130,18,,
2014/03/17,12,144,,,114,18,,
2014/03/17,13,90,,,73,12,,
2014/03/17,14,149,,,96,14,,
2014/03/17,15,150,,,107,16,,
2014/03/17,16,148,,,103,16,,
2014/03/17,17,157,,,120,16,,
2014/03/17,18,140,,,116,16,,
2014/03/17,19,147,,,97,15,,
2014/03/17,20,139,,,108,15,,
2014/03/17,21,74,,,81,15,,
2014/03/17,22,36,,,26,7,,
2014/03/17,23,16,,,13,5,,
2014/03/17,24,12,,,6,3,,
2014/03/18,01,11,,,5,3,,
2014/03/18,02,10,,,4,3,,
2014/03/18,03,10,,,4,3,,
2014/03/18,04,12,,,3,3,,
2014/03/18,05,26,,,13,3,,
2014/03/18,06,38,,,22,3,,
2014/03/18,07,34,,,28,3,,
2014/03/18,08,37,,,24,3,,
2014/03/18,09,115,,,41,10,,
2014/03/18,10,155,,,114,16,,
2014/03/18,11,150,,,110,16,,
2014/03/18,12,141,,,111,16,,
2014/03/18,13,81,,,70,11,,
2014/03/18,14,146,,,94,13,,
2014/03/18,15,136,,,100,15,,
2014/03/18,16,129,,,92,15,,
2014/03/18,17,149,,,106,16,,
2014/03/18,18,141,,,111,16,,
2014/03/18,19,133,,,94,16,,
2014/03/18,20,123,,,94,15,,
2014/03/18,21,60,,,72,15,,
2014/03/18,22,16,,,11,6,,
2014/03/18,23,15,,,7,3,,
2014/03/18,24,14,,,8,4,,
2014/03/19,01,13,,,7,3,,
2014/03/19,02,11,,,6,3,,
2014/03/19,03,11,,,5,3,,
2014/03/19,04,14,,,4,3,,
2014/03/19,05,28,,,13,3,,
2014/03/19,06,48,,,29,3,,
2014/03/19,07,40,,,35,3,,
2014/03/19,08,49,,,29,4,,
2014/03/19,09,111,,,44,10,,
2014/03/19,10,142,,,103,15,,
2014/03/19,11,140,,,104,16,,
2014/03/19,12,128,,,99,17,,
2014/03/19,13,91,,,72,12,,
2014/03/19,14,150,,,94,13,,
2014/03/19,15,149,,,111,15,,
2014/03/19,16,155,,,107,16,,
2014/03/19,17,165,,,127,16,,
2014/03/19,18,144,,,117,16,,
2014/03/19,19,128,,,94,16,,
2014/03/19,20,114,,,88,15,,
2014/03/19,21,64,,,63,14,,
2014/03/19,22,38,,,25,8,,
2014/03/19,23,33,,,24,6,,
2014/03/19,24,25,,,19,4,,
2014/03/20,01,24,,,18,3,,
2014/03/20,02,23,,,18,3,,
2014/03/20,03,23,,,17,3,,
2014/03/20,04,24,,,14,3,,
2014/03/20,05,37,,,21,2,,
2014/03/20,06,59,,,37,2,,
2014/03/20,07,49,,,44,2,,
2014/03/20,08,59,,,38,3,,
2014/03/20,09,122,,,56,12,,
2014/03/20,10,139,,,104,16,,
2014/03/20,11,165,,,119,17,,
2014/03/20,12,151,,,117,18,,
2014/03/20,13,101,,,81,16,,
2014/03/20,14,157,,,102,17,,
2014/03/20,15,155,,,115,17,,
2014/03/20,16,140,,,100,17,,
2014/03/20,17,150,,,113,16,,
2014/03/20,18,142,,,112,17,,
2014/03/20,19,131,,,95,16,,
2014/03/20,20,118,,,87,16,,
2014/03/20,21,66,,,80,15,,
2014/03/20,22,18,,,10,7,,
2014/03/20,23,14,,,7,4,,
2014/03/20,24,13,,,7,3,,
2014/03/21,01,11,,,5,3,,
2014/03/21,02,10,,,5,3,,
2014/03/21,03,10,,,4,3,,
2014/03/21,04,13,,,4,3,,
2014/03/21,05,17,,,8,3,,
2014/03/21,06,27,,,16,2,,
2014/03/21,07,27,,,15,2,,
2014/03/21,08,27,,,18,3,,
2014/03/21,09,75,,,27,9,,
2014/03/21,10,100,,,67,13,,
2014/03/21,11,97,,,70,13,,
2014/03/21,12,88,,,66,13,,
2014/03/21,13,67,,,46,11,,
2014/03/21,14,99,,,64,12,,
2014/03/21,15,98,,,68,13,,
2014/03/21,16,87,,,63,12,,
2014/03/21,17,78,,,57,13,,
2014/03/21,18,59,,,55,13,,
2014/03/21,19,28,,,21,6,,
2014/03/21,20,20,,,17,4,,
2014/03/21,21,13,,,6,3,,
2014/03/21,22,13,,,6,3,,
2014/03/21,23,13,,,6,3,,
2014/03/21,24,12,,,7,3,,
2014/03/22,01,11,,,6,3,,
2014/03/22,02,11,,,6,3,,
2014/03/22,03,12,,,6,3,,
2014/03/22,04,11,,,5,2,,
2014/03/22,05,23,,,10,2,,
2014/03/22,06,25,,,15,2,,
2014/03/22,07,24,,,17,2,,
2014/03/22,08,28,,,15,2,,
2014/03/22,09,96,,,30,9,,
2014/03/22,10,125,,,90,16,,
2014/03/22,11,124,,,89,16,,
2014/03/22,12,110,,,82,17,,
2014/03/22,13,77,,,59,12,,
2014/03/22,14,115,,,75,13,,
2014/03/22,15,114,,,80,14,,
2014/03/22,16,108,,,76,13,,
2014/03/22,17,110,,,81,13,,
2014/03/22,18,68,,,73,14,,
2014/03/22,19,15,,,15,6,,
2014/03/22,20,13,,,5,4,,
2014/03/22,21,12,,,4,4,,
2014/03/22,22,11,,,4,3,,
2014/03/22,23,11,,,4,3,,
2014/03/22,24,10,,,4,4,,
2014/03/23,01,10,,,3,4,,
2014/03/23,02,10,,,3,4,,
2014/03/23,03,10,,,3,4,,
2014/03/23,04,10,,,3,3,,
2014/03/23,05,10,,,3,3,,
2014/03/23,06,10,,,3,3,,
2014/03/23,07,9,,,3,3,,
2014/03/23,08,10,,,3,3,,
2014/03/23,09,10,,,3,3,,
2014/03/23,10,10,,,3,3,,
2014/03/23,11,9,,,3,3,,
2014/03/23,12,9,,,3,3,,
2014/03/23,13,9,,,3,3,,
2014/03/23,14,10,,,3,3,,
2014/03/23,15,9,,,3,3,,
2014/03/23,16,9,,,3,3,,
2014/03/23,17,9,,,3,3,,
2014/03/23,18,10,,,3,3,,
2014/03/23,19,10,,,3,3,,
2014/03/23,20,10,,,3,3,,
2014/03/23,21,10,,,3,3,,
2014/03/23,22,10,,,3,3,,
2014/03/23,23,10,,,3,3,,
2014/03/23,24,10,,,3,4,,
2014/03/24,01,10,,,3,4,,
2014/03/24,02,10,,,3,4,,
2014/03/24,03,9,,,3,3,,
2014/03/24,04,13,,,3,3,,
2014/03/24,05,27,,,13,3,,
2014/03/24,06,39,,,23,3,,
2014/03/24,07,33,,,29,3,,
2014/03/24,08,41,,,24,3,,
2014/03/24,09,120,,,46,10,,
2014/03/24,10,172,,,117,17,,
2014/03/24,11,160,,,125,17,,
2014/03/24,12,137,,,109,18,,
2014/03/24,13,87,,,69,12,,
2014/03/24,14,168,,,101,14,,
2014/03/24,15,157,,,119,17,,
2014/03/24,16,144,,,105,16,,
2014/03/24,17,153,,,110,16,,
2014/03/24,18,99,,,112,16,,
2014/03/24,19,41,,,29,10,,
2014/03/24,20,31,,,24,7,,
2014/03/24,21,13,,,10,4,,
2014/03/24,22,12,,,5,3,,
2014/03/24,23,11,,,4,3,,
2014/03/24,24,11,,,5,3,,
2014/03/25,01,10,,,4,3,,
2014/03/25,02,10,,,4,3,,
2014/03/25,03,10,,,4,3,,
2014/03/25,04,13,,,3,3,,
2014/03/25,05,28,,,13,2,,
2014/03/25,06,48,,,29,2,,
2014/03/25,07,38,,,36,2,,
2014/03/25,08,42,,,28,2,,
2014/03/25,09,109,,,39,9,,
2014/03/25,10,135,,,98,17,,
2014/03/25,11,145,,,103,17,,
2014/03/25,12,147,,,108,17,,
2014/03/25,13,85,,,74,11,,
2014/03/25,14,149,,,93,13,,
2014/03/25,15,152,,,112,16,,
2014/03/25,16,145,,,104,15,,
2014/03/25,17,137,,,107,16,,
2014/03/25,18,108,,,99,16,,
2014/03/25,19,74,,,51,12,,
2014/03/25,20,56,,,49,11,,
2014/03/25,21,35,,,25,8,,
2014/03/25,22,14,,,14,5,,
2014/03/25,23,13,,,5,4,,
2014/03/25,24,11,,,5,4,,
2014/03/26,01,11,,,5,4,,
2014/03/26,02,10,,,4,3,,
2014/03/26,03,10,,,4,3,,
2014/03/26,04,13,,,3,3,,
2014/03/26,05,28,,,13,3,,
2014/03/26,06,47,,,28,3,,
2014/03/26,07,38,,,34,3,,
2014/03/26,08,46,,,27,3,,
2014/03/26,09,111,,,47,10,,
2014/03/26,10,151,,,108,15,,
2014/03/26,11,159,,,114,16,,
2014/03/26,12,144,,,117,16,,
2014/03/26,13,87,,,72,12,,
2014/03/26,14,145,,,95,14,,
2014/03/26,15,146,,,104,15,,
2014/03/26,16,132,,,96,15,,
2014/03/26,17,135,,,102,15,,
2014/03/26,18,125,,,101,16,,
2014/03/26,19,97,,,74,15,,
2014/03/26,20,77,,,65,14,,
2014/03/26,21,38,,,39,9,,
2014/03/26,22,16,,,11,4,,
2014/03/26,23,13,,,6,3,,
2014/03/26,24,12,,,6,4,,
2014/03/27,01,11,,,5,4,,
2014/03/27,02,10,,,4,3,,
2014/03/27,03,10,,,4,3,,
2014/03/27,04,12,,,3,3,,
2014/03/27,05,25,,,12,3,,
2014/03/27,06,36,,,22,3,,
2014/03/27,07,32,,,26,3,,
2014/03/27,08,33,,,22,2,,
2014/03/27,09,114,,,38,9,,
2014/03/27,10,142,,,109,15,,
2014/03/27,11,132,,,102,16,,
2014/03/27,12,121,,,93,16,,
2014/03/27,13,76,,,61,13,,
2014/03/27,14,127,,,78,14,,
2014/03/27,15,131,,,93,16,,
2014/03/27,16,124,,,87,15,,
2014/03/27,17,137,,,98,16,,
2014/03/27,18,126,,,103,16,,
2014/03/27,19,99,,,74,16,,
2014/03/27,20,60,,,64,14,,
2014/03/27,21,21,,,20,6,,
2014/03/27,22,12,,,5,3,,
2014/03/27,23,11,,,4,3,,
2014/03/27,24,10,,,4,3,,
2014/03/28,01,10,,,4,3,,
2014/03/28,02,9,,,4,3,,
2014/03/28,03,9,,,3,3,,
2014/03/28,04,12,,,3,2,,
2014/03/28,05,25,,,12,2,,
2014/03/28,06,37,,,21,2,,
2014/03/28,07,32,,,28,2,,
2014/03/28,08,40,,,21,2,,
2014/03/28,09,106,,,43,10,,
2014/03/28,10,154,,,108,15,,
2014/03/28,11,143,,,110,16,,
2014/03/28,12,139,,,107,16,,
2014/03/28,13,83,,,72,11,,
2014/03/28,14,140,,,87,14,,
2014/03/28,15,135,,,102,15,,
2014/03/28,16,131,,,91,15,,
2014/03/28,17,141,,,104,16,,
2014/03/28,18,127,,,102,16,,
2014/03/28,19,116,,,83,14,,
2014/03/28,20,66,,,74,14,,
2014/03/28,21,21,,,19,7,,
2014/03/28,22,12,,,5,4,,
2014/03/28,23,11,,,4,3,,
2014/03/28,24,10,,,5,3,,
2014/03/29,01,9,,,4,3,,
2014/03/29,02,9,,,4,2,,
2014/03/29,03,9,,,4,3,,
2014/03/29,04,12,,,3,2,,
2014/03/29,05,27,,,12,2,,
2014/03/29,06,46,,,28,2,,
2014/03/29,07,38,,,35,2,,
2014/03/29,08,43,,,27,2,,
2014/03/29,09,106,,,43,9,,
2014/03/29,10,145,,,106,14,,
2014/03/29,11,145,,,108,14,,
2014/03/29,12,135,,,111,14,,
2014/03/29,13,79,,,68,11,,
2014/03/29,14,141,,,88,12,,
2014/03/29,15,139,,,101,14,,
2014/03/29,16,139,,,98,14,,
2014/03/29,17,132,,,103,14,,
2014/03/29,18,66,,,79,15,,
2014/03/29,19,24,,,20,6,,
2014/03/29,20,13,,,9,4,,
2014/03/29,21,12,,,4,3,,
2014/03/29,22,11,,,4,3,,
2014/03/29,23,11,,,4,3,,
2014/03/29,24,10,,,4,3,,
2014/03/30,01,10,,,4,3,,
2014/03/30,02,10,,,4,3,,
2014/03/30,03,9,,,4,3,,
2014/03/30,04,9,,,3,3,,
2014/03/30,05,9,,,3,2,,
2014/03/30,06,9,,,3,2,,
2014/03/30,07,9,,,3,2,,
2014/03/30,08,9,,,3,2,,
2014/03/30,09,9,,,3,2,,
2014/03/30,10,9,,,3,2,,
2014/03/30,11,9,,,3,2,,
2014/03/30,12,9,,,3,2,,
2014/03/30,13,9,,,3,3,,
2014/03/30,14,9,,,3,2,,
2014/03/30,15,9,,,3,2,,
2014/03/30,16,9,,,3,2,,
2014/03/30,17,9,,,3,2,,
2014/03/30,18,9,,,3,2,,
2014/03/30,19,9,,,3,3,,
2014/03/30,20,9,,,3,3,,
2014/03/30,21,9,,,3,3,,
2014/03/30,22,9,,,3,2,,
2014/03/30,23,9,,,3,2,,
2014/03/30,24,9,,,3,2,,
2014/03/31,01,9,,,3,3,,
2014/03/31,02,9,,,3,3,,
2014/03/31,03,9,,,3,3,,
2014/03/31,04,11,,,3,2,,
2014/03/31,05,24,,,10,2,,
2014/03/31,06,44,,,26,2,,
2014/03/31,07,35,,,33,2,,
2014/03/31,08,39,,,25,2,,
2014/03/31,09,103,,,31,10,,
2014/03/31,10,142,,,104,15,,
2014/03/31,11,137,,,102,16,,
2014/03/31,12,134,,,101,16,,
2014/03/31,13,82,,,67,11,,
2014/03/31,14,146,,,94,13,,
2014/03/31,15,149,,,109,15,,
2014/03/31,16,127,,,98,15,,
2014/03/31,17,127,,,94,15,,
2014/03/31,18,120,,,92,15,,
2014/03/31,19,109,,,76,14,,
2014/03/31,20,66,,,71,14,,
2014/03/31,21,28,,,21,6,,
2014/03/31,22,13,,,11,3,,
2014/03/31,23,12,,,5,3,,
2014/03/31,24,11,,,6,3,,
2014/04/01,01,11,,,5,3,,
2014/04/01,02,10,,,5,3,,
2014/04/01,03,9,,,4,3,,
2014/04/01,04,12,,,3,2,,
2014/04/01,05,27,,,12,2,,
2014/04/01,06,46,,,29,2,,
2014/04/01,07,38,,,34,2,,
2014/04/01,08,46,,,28,3,,
2014/04/01,09,102,,,40,9,,
2014/04/01,10,156,,,106,15,,
2014/04/01,11,155,,,117,16,,
2014/04/01,12,133,,,109,15,,
2014/04/01,13,84,,,69,12,,
2014/04/01,14,135,,,84,14,,
2014/04/01,15,157,,,107,16,,
2014/04/01,16,147,,,108,16,,
2014/04/01,17,154,,,117,16,,
2014/04/01,18,158,,,115,15,,
2014/04/01,19,149,,,115,16,,
2014/04/01,20,81,,,99,16,,
2014/04/01,21,42,,,23,8,,
2014/04/01,22,16,,,15,6,,
2014/04/01,23,12,,,5,3,,
2014/04/01,24,12,,,6,3,,
2014/04/02,01,11,,,5,3,,
2014/04/02,02,10,,,5,3,,
2014/04/02,03,10,,,4,3,,
2014/04/02,04,13,,,3,3,,
2014/04/02,05,27,,,13,2,,
2014/04/02,06,47,,,28,2,,
2014/04/02,07,40,,,34,2,,
2014/04/02,08,46,,,29,4,,
2014/04/02,09,109,,,43,10,,
2014/04/02,10,134,,,100,15,,
2014/04/02,11,154,,,104,16,,
2014/04/02,12,150,,,119,16,,
2014/04/02,13,87,,,75,11,,
2014/04/02,14,162,,,100,14,,
2014/04/02,15,148,,,113,15,,
2014/04/02,16,149,,,104,16,,
2014/04/02,17,164,,,121,16,,
2014/04/02,18,104,,,112,16,,
2014/04/02,19,63,,,41,12,,
2014/04/02,20,46,,,38,11,,
2014/04/02,21,33,,,19,10,,
2014/04/02,22,13,,,7,7,,
2014/04/02,23,11,,,4,3,,
2014/04/02,24,10,,,4,3,,
2014/04/03,01,10,,,4,3,,
2014/04/03,02,9,,,3,3,,
2014/04/03,03,9,,,3,3,,
2014/04/03,04,12,,,3,3,,
2014/04/03,05,27,,,12,3,,
2014/04/03,06,46,,,29,2,,
2014/04/03,07,41,,,34,2,,
2014/04/03,08,40,,,31,3,,
2014/04/03,09,109,,,39,9,,
2014/04/03,10,145,,,107,16,,
2014/04/03,11,148,,,111,15,,
2014/04/03,12,141,,,113,15,,
2014/04/03,13,77,,,67,11,,
2014/04/03,14,147,,,89,13,,
2014/04/03,15,152,,,112,15,,
2014/04/03,16,140,,,100,15,,
2014/04/03,17,153,,,116,16,,
2014/04/03,18,113,,,102,16,,
2014/04/03,19,78,,,63,11,,
2014/04/03,20,49,,,53,9,,
2014/04/03,21,17,,,9,6,,
2014/04/03,22,13,,,6,5,,
2014/04/03,23,11,,,4,3,,
2014/04/03,24,10,,,4,3,,
2014/04/04,01,10,,,4,3,,
2014/04/04,02,10,,,4,3,,
2014/04/04,03,9,,,3,3,,
2014/04/04,04,12,,,3,2,,
2014/04/04,05,27,,,12,3,,
2014/04/04,06,47,,,29,2,,
2014/04/04,07,39,,,34,3,,
2014/04/04,08,44,,,28,3,,
2014/04/04,09,115,,,41,10,,
2014/04/04,10,150,,,116,15,,
2014/04/04,11,158,,,114,16,,
2014/04/04,12,145,,,118,16,,
2014/04/04,13,85,,,73,12,,
2014/04/04,14,136,,,91,14,,
2014/04/04,15,136,,,94,15,,
2014/04/04,16,130,,,91,16,,
2014/04/04,17,135,,,100,15,,
2014/04/04,18,79,,,85,16,,
2014/04/04,19,42,,,28,10,,
2014/04/04,20,31,,,24,8,,
2014/04/04,21,15,,,8,6,,
2014/04/04,22,11,,,4,3,,
2014/04/04,23,11,,,4,3,,
2014/04/04,24,10,,,4,3,,
2014/04/05,01,9,,,4,3,,
2014/04/05,02,9,,,3,3,,
2014/04/05,03,9,,,3,3,,
2014/04/05,04,11,,,3,3,,
2014/04/05,05,14,,,5,2,,
2014/04/05,06,22,,,11,3,,
2014/04/05,07,17,,,11,2,,
2014/04/05,08,18,,,10,2,,
2014/04/05,09,17,,,10,3,,
2014/04/05,10,14,,,6,3,,
2014/04/05,11,13,,,5,4,,
2014/04/05,12,12,,,4,3,,
2014/04/05,13,10,,,4,3,,
2014/04/05,14,13,,,5,3,,
2014/04/05,15,11,,,4,3,,
2014/04/05,16,11,,,4,3,,
2014/04/05,17,12,,,4,3,,
2014/04/05,18,11,,,4,3,,
2014/04/05,19,10,,,3,3,,
2014/04/05,20,10,,,3,3,,
2014/04/05,21,10,,,3,4,,
2014/04/05,22,11,,,3,4,,
2014/04/05,23,10,,,3,3,,
2014/04/05,24,10,,,3,3,,
2014/04/06,01,11,,,3,5,,
2014/04/06,02,9,,,3,3,,
2014/04/06,03,9,,,3,3,,
2014/04/06,04,9,,,3,3,,
2014/04/06,05,9,,,3,3,,
2014/04/06,06,9,,,3,3,,
2014/04/06,07,9,,,3,3,,
2014/04/06,08,9,,,3,3,,
2014/04/06,09,9,,,3,3,,
2014/04/06,10,9,,,3,3,,
2014/04/06,11,9,,,3,3,,
2014/04/06,12,9,,,3,3,,
2014/04/06,13,9,,,3,3,,
2014/04/06,14,9,,,3,3,,
2014/04/06,15,9,,,3,3,,
2014/04/06,16,9,,,3,3,,
2014/04/06,17,10,,,3,3,,
2014/04/06,18,10,,,3,3,,
2014/04/06,19,9,,,3,3,,
2014/04/06,20,9,,,3,3,,
2014/04/06,21,9,,,3,3,,
2014/04/06,22,9,,,3,3,,
2014/04/06,23,9,,,3,3,,
2014/04/06,24,9,,,3,3,,
2014/04/07,01,9,,,3,3,,
2014/04/07,02,9,,,3,3,,
2014/04/07,03,9,,,3,3,,
2014/04/07,04,12,,,3,3,,
2014/04/07,05,26,,,12,3,,
2014/04/07,06,50,,,29,3,,
2014/04/07,07,42,,,37,3,,
2014/04/07,08,47,,,29,3,,
2014/04/07,09,122,,,44,11,,
2014/04/07,10,177,,,126,17,,
2014/04/07,11,165,,,127,17,,
2014/04/07,12,155,,,123,17,,
2014/04/07,13,95,,,79,11,,
2014/04/07,14,166,,,106,14,,
2014/04/07,15,159,,,120,16,,
2014/04/07,16,141,,,105,16,,
2014/04/07,17,151,,,114,16,,
2014/04/07,18,113,,,110,16,,
2014/04/07,19,60,,,52,9,,
2014/04/07,20,32,,,30,9,,
2014/04/07,21,14,,,8,4,,
2014/04/07,22,13,,,6,3,,
2014/04/07,23,12,,,5,3,,
2014/04/07,24,12,,,5,3,,
2014/04/08,01,11,,,5,4,,
2014/04/08,02,11,,,5,3,,
2014/04/08,03,11,,,5,4,,
2014/04/08,04,12,,,4,3,,
2014/04/08,05,25,,,10,3,,
2014/04/08,06,49,,,28,3,,
2014/04/08,07,38,,,35,3,,
2014/04/08,08,41,,,25,3,,
2014/04/08,09,110,,,43,10,,
2014/04/08,10,136,,,99,16,,
2014/04/08,11,146,,,108,16,,
2014/04/08,12,137,,,105,16,,
2014/04/08,13,78,,,69,12,,
2014/04/08,14,137,,,84,14,,
2014/04/08,15,134,,,98,15,,
2014/04/08,16,132,,,93,15,,
2014/04/08,17,139,,,104,15,,
2014/04/08,18,107,,,98,15,,
2014/04/08,19,61,,,48,12,,
2014/04/08,20,33,,,33,10,,
2014/04/08,21,12,,,6,4,,
2014/04/08,22,11,,,4,3,,
2014/04/08,23,10,,,3,3,,
2014/04/08,24,9,,,3,3,,
2014/04/09,01,9,,,3,3,,
2014/04/09,02,9,,,3,3,,
2014/04/09,03,9,,,3,3,,
2014/04/09,04,12,,,3,3,,
2014/04/09,05,25,,,11,3,,
2014/04/09,06,47,,,28,2,,
2014/04/09,07,38,,,36,2,,
2014/04/09,08,49,,,28,3,,
2014/04/09,09,110,,,46,9,,
2014/04/09,10,153,,,108,15,,
2014/04/09,11,149,,,112,16,,
2014/04/09,12,133,,,110,15,,
2014/04/09,13,80,,,67,11,,
2014/04/09,14,139,,,85,13,,
2014/04/09,15,80,,,96,16,,
2014/04/09,16,18,,,13,10,,
2014/04/09,17,17,,,6,6,,
2014/04/09,18,14,,,5,6,,
2014/04/09,19,11,,,4,4,,
2014/04/09,20,10,,,3,3,,
2014/04/09,21,12,,,3,4,,
2014/04/09,22,12,,,3,6,,
2014/04/09,23,11,,,3,6,,
2014/04/09,24,9,,,3,3,,
2014/04/10,01,9,,,3,3,,
2014/04/10,02,9,,,3,3,,
2014/04/10,03,9,,,3,3,,
2014/04/10,04,12,,,3,3,,
2014/04/10,05,26,,,11,3,,
2014/04/10,06,49,,,29,3,,
2014/04/10,07,39,,,36,3,,
2014/04/10,08,46,,,26,3,,
2014/04/10,09,112,,,45,10,,
2014/04/10,10,150,,,109,15,,
2014/04/10,11,150,,,110,16,,
2014/04/10,12,140,,,112,16,,
2014/04/10,13,82,,,70,11,,
2014/04/10,14,160,,,94,13,,
2014/04/10,15,147,,,115,16,,
2014/04/10,16,140,,,97,16,,
2014/04/10,17,159,,,113,16,,
2014/04/10,18,134,,,115,16,,
2014/04/10,19,98,,,77,15,,
2014/04/10,20,59,,,62,14,,
2014/04/10,21,16,,,13,7,,
2014/04/10,22,14,,,6,5,,
2014/04/10,23,12,,,5,4,,
2014/04/10,24,11,,,5,4,,
2014/04/11,01,11,,,4,4,,
2014/04/11,02,10,,,4,4,,
2014/04/11,03,10,,,3,4,,
2014/04/11,04,13,,,3,3,,
2014/04/11,05,26,,,11,3,,
2014/04/11,06,48,,,28,3,,
2014/04/11,07,40,,,36,3,,
2014/04/11,08,48,,,26,4,,
2014/04/11,09,112,,,45,10,,
2014/04/11,10,157,,,113,15,,
2014/04/11,11,149,,,111,16,,
2014/04/11,12,141,,,110,16,,
2014/04/11,13,85,,,72,11,,
2014/04/11,14,155,,,95,14,,
2014/04/11,15,164,,,118,16,,
2014/04/11,16,148,,,112,16,,
2014/04/11,17,143,,,109,16,,
2014/04/11,18,112,,,98,16,,
2014/04/11,19,76,,,58,14,,
2014/04/11,20,44,,,45,12,,
2014/04/11,21,15,,,9,6,,
2014/04/11,22,14,,,4,4,,
2014/04/11,23,15,,,5,4,,
2014/04/11,24,13,,,7,5,,
2014/04/12,01,10,,,5,3,,
2014/04/12,02,10,,,4,3,,
2014/04/12,03,9,,,3,3,,
2014/04/12,04,10,,,3,2,,
2014/04/12,05,13,,,5,2,,
2014/04/12,06,21,,,11,2,,
2014/04/12,07,16,,,11,2,,
2014/04/12,08,19,,,10,2,,
2014/04/12,09,54,,,20,6,,
2014/04/12,10,63,,,40,10,,
2014/04/12,11,61,,,42,11,,
2014/04/12,12,53,,,35,10,,
2014/04/12,13,48,,,27,7,,
2014/04/12,14,57,,,41,8,,
2014/04/12,15,54,,,33,8,,
2014/04/12,16,56,,,34,9,,
2014/04/12,17,45,,,36,8,,
2014/04/12,18,27,,,22,8,,
2014/04/12,19,10,,,4,4,,
2014/04/12,20,10,,,3,3,,
2014/04/12,21,9,,,3,3,,
2014/04/12,22,10,,,3,2,,
2014/04/12,23,9,,,3,2,,
2014/04/12,24,9,,,3,3,,
2014/04/13,01,9,,,3,3,,
2014/04/13,02,9,,,3,3,,
2014/04/13,03,9,,,3,3,,
2014/04/13,04,9,,,3,2,,
2014/04/13,05,9,,,3,2,,
2014/04/13,06,9,,,3,2,,
2014/04/13,07,9,,,3,2,,
2014/04/13,08,9,,,3,2,,
2014/04/13,09,9,,,3,2,,
2014/04/13,10,9,,,3,2,,
2014/04/13,11,9,,,3,2,,
2014/04/13,12,9,,,3,2,,
2014/04/13,13,9,,,3,2,,
2014/04/13,14,9,,,3,2,,
2014/04/13,15,9,,,3,2,,
2014/04/13,16,9,,,3,2,,
2014/04/13,17,9,,,3,3,,
2014/04/13,18,9,,,3,2,,
2014/04/13,19,9,,,3,3,,
2014/04/13,20,9,,,3,3,,
2014/04/13,21,9,,,3,3,,
2014/04/13,22,9,,,3,3,,
2014/04/13,23,9,,,3,2,,
2014/04/13,24,9,,,3,3,,
2014/04/14,01,9,,,3,3,,
2014/04/14,02,9,,,3,3,,
2014/04/14,03,10,,,4,3,,
2014/04/14,04,12,,,3,3,,
2014/04/14,05,25,,,12,2,,
2014/04/14,06,50,,,29,2,,
2014/04/14,07,40,,,36,2,,
2014/04/14,08,47,,,29,3,,
2014/04/14,09,109,,,45,10,,
2014/04/14,10,162,,,108,15,,
2014/04/14,11,163,,,120,16,,
2014/04/14,12,150,,,122,16,,
2014/04/14,13,85,,,73,11,,
2014/04/14,14,155,,,94,14,,
2014/04/14,15,147,,,111,16,,
2014/04/14,16,133,,,98,16,,
2014/04/14,17,131,,,97,16,,
2014/04/14,18,110,,,95,16,,
2014/04/14,19,84,,,62,14,,
2014/04/14,20,53,,,45,14,,
2014/04/14,21,21,,,16,7,,
2014/04/14,22,18,,,10,3,,
2014/04/14,23,17,,,9,3,,
2014/04/14,24,16,,,10,3,,
2014/04/15,01,14,,,9,3,,
2014/04/15,02,15,,,8,3,,
2014/04/15,03,14,,,8,3,,
2014/04/15,04,16,,,6,3,,
2014/04/15,05,27,,,14,3,,
2014/04/15,06,51,,,31,2,,
2014/04/15,07,40,,,37,2,,
2014/04/15,08,43,,,30,3,,
2014/04/15,09,101,,,40,8,,
2014/04/15,10,139,,,96,15,,
2014/04/15,11,148,,,105,16,,
2014/04/15,12,143,,,113,16,,
2014/04/15,13,85,,,72,11,,
2014/04/15,14,140,,,93,14,,
2014/04/15,15,137,,,96,16,,
2014/04/15,16,136,,,96,16,,
2014/04/15,17,136,,,105,16,,
2014/04/15,18,122,,,96,16,,
2014/04/15,19,95,,,69,14,,
2014/04/15,20,50,,,54,13,,
2014/04/15,21,14,,,8,6,,
2014/04/15,22,13,,,6,3,,
2014/04/15,23,12,,,5,3,,
2014/04/15,24,11,,,5,3,,
2014/04/16,01,11,,,5,3,,
2014/04/16,02,10,,,5,3,,
2014/04/16,03,10,,,4,3,,
2014/04/16,04,12,,,3,3,,
2014/04/16,05,23,,,12,3,,
2014/04/16,06,38,,,22,2,,
2014/04/16,07,31,,,27,2,,
2014/04/16,08,35,,,22,3,,
2014/04/16,09,98,,,33,9,,
2014/04/16,10,141,,,99,15,,
2014/04/16,11,143,,,103,16,,
2014/04/16,12,132,,,106,15,,
2014/04/16,13,80,,,66,12,,
2014/04/16,14,140,,,83,13,,
2014/04/16,15,129,,,102,16,,
2014/04/16,16,120,,,78,15,,
2014/04/16,17,137,,,99,15,,
2014/04/16,18,121,,,101,15,,
2014/04/16,19,92,,,70,13,,
2014/04/16,20,78,,,61,13,,
2014/04/16,21,56,,,43,12,,
2014/04/16,22,25,,,24,8,,
2014/04/16,23,14,,,7,4,,
2014/04/16,24,13,,,6,4,,
2014/04/17,01,12,,,6,4,,
2014/04/17,02,12,,,5,4,,
2014/04/17,03,11,,,5,3,,
2014/04/17,04,13,,,4,3,,
2014/04/17,05,26,,,12,3,,
2014/04/17,06,49,,,29,3,,
2014/04/17,07,38,,,34,3,,
2014/04/17,08,44,,,28,3,,
2014/04/17,09,102,,,39,10,,
2014/04/17,10,135,,,102,15,,
2014/04/17,11,140,,,98,15,,
2014/04/17,12,140,,,109,16,,
2014/04/17,13,84,,,70,11,,
2014/04/17,14,156,,,94,13,,
2014/04/17,15,156,,,118,16,,
2014/04/17,16,136,,,104,16,,
2014/04/17,17,135,,,100,16,,
2014/04/17,18,124,,,99,16,,
2014/04/17,19,98,,,79,14,,
2014/04/17,20,62,,,61,13,,
2014/04/17,21,17,,,16,5,,
2014/04/17,22,16,,,8,3,,
2014/04/17,23,15,,,7,3,,
2014/04/17,24,14,,,8,3,,
2014/04/18,01,14,,,8,3,,
2014/04/18,02,14,,,8,3,,
2014/04/18,03,13,,,7,3,,
2014/04/18,04,16,,,6,2,,
2014/04/18,05,29,,,14,3,,
2014/04/18,06,51,,,31,3,,
2014/04/18,07,40,,,37,2,,
2014/04/18,08,43,,,29,3,,
2014/04/18,09,105,,,37,8,,
2014/04/18,10,135,,,100,15,,
2014/04/18,11,133,,,101,16,,
2014/04/18,12,111,,,90,16,,
2014/04/18,13,75,,,57,13,,
2014/04/18,14,114,,,67,15,,
2014/04/18,15,122,,,85,16,,
2014/04/18,16,114,,,81,16,,
2014/04/18,17,121,,,88,16,,
2014/04/18,18,49,,,65,16,,
2014/04/18,19,15,,,8,5,,
2014/04/18,20,14,,,6,3,,
2014/04/18,21,12,,,5,3,,
2014/04/18,22,12,,,4,3,,
2014/04/18,23,12,,,4,4,,
2014/04/18,24,12,,,4,5,,
2014/04/19,01,11,,,4,5,,
2014/04/19,02,9,,,4,3,,
2014/04/19,03,9,,,3,3,,
2014/04/19,04,9,,,3,2,,
2014/04/19,05,11,,,3,2,,
2014/04/19,06,20,,,10,2,,
2014/04/19,07,15,,,11,2,,
2014/04/19,08,16,,,8,2,,
2014/04/19,09,14,,,7,3,,
2014/04/19,10,11,,,4,3,,
2014/04/19,11,10,,,3,4,,
2014/04/19,12,10,,,3,4,,
2014/04/19,13,10,,,3,3,,
2014/04/19,14,20,,,7,3,,
2014/04/19,15,20,,,11,3,,
2014/04/19,16,21,,,11,3,,
2014/04/19,17,21,,,12,3,,
2014/04/19,18,17,,,13,3,,
2014/04/19,19,9,,,4,3,,
2014/04/19,20,9,,,3,2,,
2014/04/19,21,9,,,3,3,,
2014/04/19,22,9,,,3,2,,
2014/04/19,23,9,,,3,2,,
2014/04/19,24,9,,,3,3,,
2014/04/20,01,9,,,3,3,,
2014/04/20,02,9,,,3,3,,
2014/04/20,03,9,,,3,3,,
2014/04/20,04,9,,,3,2,,
2014/04/20,05,9,,,3,2,,
2014/04/20,06,9,,,3,2,,
2014/04/20,07,9,,,3,2,,
2014/04/20,08,9,,,3,2,,
2014/04/20,09,9,,,3,2,,
2014/04/20,10,9,,,3,2,,
2014/04/20,11,9,,,3,3,,
2014/04/20,12,9,,,3,2,,
2014/04/20,13,9,,,3,2,,
2014/04/20,14,9,,,3,2,,
2014/04/20,15,9,,,3,2,,
2014/04/20,16,9,,,3,2,,
2014/04/20,17,9,,,3,3,,
2014/04/20,18,9,,,3,3,,
2014/04/20,19,9,,,3,3,,
2014/04/20,20,9,,,3,3,,
2014/04/20,21,9,,,3,3,,
2014/04/20,22,9,,,3,2,,
2014/04/20,23,9,,,3,2,,
2014/04/20,24,9,,,3,3,,
2014/04/21,01,9,,,3,3,,
2014/04/21,02,9,,,3,3,,
2014/04/21,03,9,,,3,3,,
2014/04/21,04,12,,,3,2,,
2014/04/21,05,26,,,12,2,,
2014/04/21,06,50,,,30,2,,
2014/04/21,07,39,,,37,2,,
2014/04/21,08,49,,,29,3,,
2014/04/21,09,106,,,42,11,,
2014/04/21,10,166,,,112,16,,
2014/04/21,11,155,,,124,16,,
2014/04/21,12,147,,,115,16,,
2014/04/21,13,85,,,70,13,,
2014/04/21,14,150,,,93,14,,
2014/04/21,15,152,,,113,16,,
2014/04/21,16,134,,,101,15,,
2014/04/21,17,140,,,109,16,,
2014/04/21,18,86,,,87,16,,
2014/04/21,19,45,,,34,11,,
2014/04/21,20,28,,,23,8,,
2014/04/21,21,17,,,8,6,,
2014/04/21,22,13,,,6,4,,
2014/04/21,23,13,,,6,3,,
2014/04/21,24,12,,,6,3,,
2014/04/22,01,12,,,6,3,,
2014/04/22,02,11,,,5,3,,
2014/04/22,03,10,,,5,3,,
2014/04/22,04,12,,,4,3,,
2014/04/22,05,22,,,11,3,,
2014/04/22,06,37,,,21,3,,
2014/04/22,07,31,,,28,2,,
2014/04/22,08,33,,,20,3,,
2014/04/22,09,95,,,35,9,,
2014/04/22,10,144,,,91,15,,
2014/04/22,11,144,,,108,15,,
2014/04/22,12,135,,,106,16,,
2014/04/22,13,77,,,66,11,,
2014/04/22,14,143,,,86,13,,
2014/04/22,15,140,,,106,16,,
2014/04/22,16,133,,,95,15,,
2014/04/22,17,141,,,106,16,,
2014/04/22,18,87,,,93,16,,
2014/04/22,19,42,,,30,11,,
2014/04/22,20,37,,,25,7,,
2014/04/22,21,26,,,23,6,,
2014/04/22,22,15,,,7,4,,
2014/04/22,23,14,,,6,3,,
2014/04/22,24,13,,,7,3,,
2014/04/23,01,12,,,6,3,,
2014/04/23,02,12,,,6,3,,
2014/04/23,03,11,,,5,3,,
2014/04/23,04,12,,,4,2,,
2014/04/23,05,22,,,10,2,,
2014/04/23,06,36,,,20,2,,
2014/04/23,07,31,,,26,2,,
2014/04/23,08,37,,,22,3,,
2014/04/23,09,98,,,37,9,,
2014/04/23,10,133,,,92,15,,
2014/04/23,11,132,,,98,15,,
2014/04/23,12,123,,,97,15,,
2014/04/23,13,74,,,61,10,,
2014/04/23,14,137,,,83,13,,
2014/04/23,15,134,,,98,15,,
2014/04/23,16,125,,,88,15,,
2014/04/23,17,136,,,99,15,,
2014/04/23,18,94,,,93,15,,
2014/04/23,19,52,,,38,12,,
2014/04/23,20,39,,,29,10,,
2014/04/23,21,20,,,18,6,,
2014/04/23,22,13,,,6,3,,
2014/04/23,23,12,,,5,3,,
2014/04/23,24,11,,,5,3,,
2014/04/24,01,11,,,5,3,,
2014/04/24,02,11,,,5,3,,
2014/04/24,03,11,,,5,3,,
2014/04/24,04,12,,,4,2,,
2014/04/24,05,23,,,12,2,,
2014/04/24,06,37,,,21,2,,
2014/04/24,07,31,,,28,2,,
2014/04/24,08,42,,,22,3,,
2014/04/24,09,99,,,40,10,,
2014/04/24,10,124,,,95,15,,
2014/04/24,11,125,,,88,15,,
2014/04/24,12,127,,,95,15,,
2014/04/24,13,74,,,63,10,,
2014/04/24,14,135,,,82,13,,
2014/04/24,15,131,,,95,15,,
2014/04/24,16,125,,,92,15,,
2014/04/24,17,122,,,90,16,,
2014/04/24,18,91,,,86,15,,
2014/04/24,19,60,,,40,12,,
2014/04/24,20,44,,,35,11,,
2014/04/24,21,28,,,19,6,,
2014/04/24,22,20,,,17,4,,
2014/04/24,23,12,,,5,3,,
2014/04/24,24,11,,,5,3,,
2014/04/25,01,10,,,5,3,,
2014/04/25,02,10,,,5,2,,
2014/04/25,03,10,,,5,2,,
2014/04/25,04,12,,,4,2,,
2014/04/25,05,23,,,12,2,,
2014/04/25,06,35,,,22,2,,
2014/04/25,07,27,,,23,2,,
2014/04/25,08,34,,,20,2,,
2014/04/25,09,91,,,34,9,,
2014/04/25,10,127,,,88,14,,
2014/04/25,11,117,,,90,15,,
2014/04/25,12,124,,,91,15,,
2014/04/25,13,68,,,62,11,,
2014/04/25,14,130,,,72,12,,
2014/04/25,15,131,,,96,15,,
2014/04/25,16,123,,,90,15,,
2014/04/25,17,120,,,92,15,,
2014/04/25,18,99,,,87,15,,
2014/04/25,19,68,,,50,10,,
2014/04/25,20,43,,,40,9,,
2014/04/25,21,25,,,19,4,,
2014/04/25,22,13,,,11,3,,
2014/04/25,23,12,,,6,2,,
2014/04/25,24,11,,,6,2,,
2014/04/26,01,11,,,5,3,,
2014/04/26,02,9,,,4,2,,
2014/04/26,03,9,,,4,2,,
2014/04/26,04,12,,,3,2,,
2014/04/26,05,23,,,12,2,,
2014/04/26,06,37,,,22,2,,
2014/04/26,07,30,,,27,2,,
2014/04/26,08,37,,,22,2,,
2014/04/26,09,95,,,35,9,,
2014/04/26,10,137,,,96,15,,
2014/04/26,11,151,,,103,15,,
2014/04/26,12,140,,,120,15,,
2014/04/26,13,82,,,68,11,,
2014/04/26,14,144,,,86,12,,
2014/04/26,15,157,,,114,15,,
2014/04/26,16,152,,,110,16,,
2014/04/26,17,145,,,116,15,,
2014/04/26,18,77,,,86,15,,
2014/04/26,19,23,,,21,9,,
2014/04/26,20,14,,,7,4,,
2014/04/26,21,11,,,4,4,,
2014/04/26,22,11,,,4,3,,
2014/04/26,23,10,,,3,3,,
2014/04/26,24,10,,,4,3,,
2014/04/27,01,9,,,3,3,,
2014/04/27,02,9,,,3,3,,
2014/04/27,03,9,,,3,3,,
2014/04/27,04,9,,,3,2,,
2014/04/27,05,9,,,3,2,,
2014/04/27,06,9,,,3,2,,
2014/04/27,07,9,,,3,2,,
2014/04/27,08,9,,,3,2,,
2014/04/27,09,9,,,3,2,,
2014/04/27,10,9,,,3,2,,
2014/04/27,11,9,,,3,2,,
2014/04/27,12,9,,,3,2,,
2014/04/27,13,9,,,3,3,,
2014/04/27,14,9,,,3,3,,
2014/04/27,15,9,,,3,3,,
2014/04/27,16,9,,,3,3,,
2014/04/27,17,9,,,3,3,,
2014/04/27,18,9,,,3,3,,
2014/04/27,19,9,,,3,3,,
2014/04/27,20,9,,,3,3,,
2014/04/27,21,9,,,3,2,,
2014/04/27,22,9,,,3,2,,
2014/04/27,23,9,,,3,2,,
2014/04/27,24,9,,,3,3,,
2014/04/28,01,9,,,3,3,,
2014/04/28,02,9,,,3,3,,
2014/04/28,03,9,,,3,2,,
2014/04/28,04,12,,,3,2,,
2014/04/28,05,26,,,12,2,,
2014/04/28,06,49,,,29,2,,
2014/04/28,07,37,,,36,2,,
2014/04/28,08,44,,,28,2,,
2014/04/28,09,100,,,40,9,,
2014/04/28,10,152,,,99,15,,
2014/04/28,11,160,,,115,16,,
2014/04/28,12,146,,,120,16,,
2014/04/28,13,85,,,70,10,,
2014/04/28,14,162,,,97,13,,
2014/04/28,15,156,,,118,15,,
2014/04/28,16,150,,,106,15,,
2014/04/28,17,169,,,123,16,,
2014/04/28,18,108,,,114,15,,
2014/04/28,19,48,,,38,12,,
2014/04/28,20,27,,,23,9,,
2014/04/28,21,13,,,8,4,,
2014/04/28,22,11,,,4,3,,
2014/04/28,23,11,,,3,3,,
2014/04/28,24,10,,,4,4,,
2014/04/29,01,10,,,4,3,,
2014/04/29,02,10,,,4,3,,
2014/04/29,03,9,,,3,3,,
2014/04/29,04,9,,,3,2,,
2014/04/29,05,9,,,3,2,,
2014/04/29,06,9,,,3,2,,
2014/04/29,07,9,,,3,2,,
2014/04/29,08,9,,,3,2,,
2014/04/29,09,10,,,3,3,,
2014/04/29,10,15,,,5,3,,
2014/04/29,11,12,,,6,3,,
2014/04/29,12,11,,,4,3,,
2014/04/29,13,9,,,4,3,,
2014/04/29,14,13,,,5,3,,
2014/04/29,15,13,,,5,3,,
2014/04/29,16,13,,,5,3,,
2014/04/29,17,13,,,5,3,,
2014/04/29,18,11,,,5,3,,
2014/04/29,19,9,,,3,2,,
2014/04/29,20,9,,,3,2,,
2014/04/29,21,9,,,3,2,,
2014/04/29,22,9,,,3,2,,
2014/04/29,23,9,,,3,2,,
2014/04/29,24,9,,,3,2,,
2014/04/30,01,9,,,3,2,,
2014/04/30,02,9,,,3,2,,
2014/04/30,03,9,,,3,2,,
2014/04/30,04,11,,,3,2,,
2014/04/30,05,25,,,12,2,,
2014/04/30,06,49,,,29,2,,
2014/04/30,07,37,,,36,2,,
2014/04/30,08,43,,,29,2,,
2014/04/30,09,105,,,36,9,,
2014/04/30,10,141,,,105,15,,
2014/04/30,11,148,,,105,16,,
2014/04/30,12,144,,,116,16,,
2014/04/30,13,77,,,68,11,,
2014/04/30,14,148,,,86,14,,
2014/04/30,15,154,,,116,16,,
2014/04/30,16,139,,,102,16,,
2014/04/30,17,137,,,106,16,,
2014/04/30,18,102,,,94,17,,
2014/04/30,19,64,,,45,12,,
2014/04/30,20,41,,,40,11,,
2014/04/30,21,16,,,8,7,,
2014/04/30,22,13,,,6,4,,
2014/04/30,23,13,,,6,3,,
2014/04/30,24,12,,,6,3,,
2014/05/01,01,11,,,5,3,,
2014/05/01,02,10,,,5,3,,
2014/05/01,03,10,,,4,3,,
2014/05/01,04,12,,,3,2,,
2014/05/01,05,26,,,12,3,,
2014/05/01,06,49,,,29,2,,
2014/05/01,07,39,,,35,2,,
2014/05/01,08,42,,,26,4,,
2014/05/01,09,105,,,41,9,,
2014/05/01,10,154,,,108,15,,
2014/05/01,11,153,,,114,15,,
2014/05/01,12,135,,,109,16,,
2014/05/01,13,82,,,69,11,,
2014/05/01,14,138,,,87,13,,
2014/05/01,15,141,,,103,15,,
2014/05/01,16,135,,,95,15,,
2014/05/01,17,141,,,103,16,,
2014/05/01,18,97,,,100,16,,
2014/05/01,19,41,,,35,8,,
2014/05/01,20,23,,,22,6,,
2014/05/01,21,20,,,8,4,,
2014/05/01,22,21,,,12,4,,
2014/05/01,23,14,,,10,3,,
2014/05/01,24,10,,,5,3,,
2014/05/02,01,10,,,4,3,,
2014/05/02,02,9,,,4,3,,
2014/05/02,03,9,,,4,3,,
2014/05/02,04,12,,,3,2,,
2014/05/02,05,25,,,12,2,,
2014/05/02,06,48,,,29,2,,
2014/05/02,07,37,,,33,2,,
2014/05/02,08,42,,,30,3,,
2014/05/02,09,110,,,41,9,,
2014/05/02,10,138,,,102,16,,
2014/05/02,11,135,,,97,16,,
2014/05/02,12,137,,,101,16,,
2014/05/02,13,85,,,71,12,,
2014/05/02,14,148,,,89,13,,
2014/05/02,15,153,,,111,16,,
2014/05/02,16,141,,,102,16,,
2014/05/02,17,145,,,109,16,,
2014/05/02,18,72,,,85,16,,
2014/05/02,19,36,,,29,7,,
2014/05/02,20,16,,,15,5,,
2014/05/02,21,13,,,5,3,,
2014/05/02,22,12,,,5,3,,
2014/05/02,23,11,,,4,3,,
2014/05/02,24,10,,,4,3,,
2014/05/03,01,10,,,4,3,,
2014/05/03,02,9,,,3,3,,
2014/05/03,03,9,,,3,3,,
2014/05/03,04,9,,,3,2,,
2014/05/03,05,9,,,3,2,,
2014/05/03,06,9,,,3,2,,
2014/05/03,07,9,,,3,2,,
2014/05/03,08,9,,,3,2,,
2014/05/03,09,9,,,3,2,,
2014/05/03,10,10,,,3,2,,
2014/05/03,11,11,,,3,3,,
2014/05/03,12,11,,,3,4,,
2014/05/03,13,10,,,3,4,,
2014/05/03,14,10,,,3,3,,
2014/05/03,15,10,,,3,3,,
2014/05/03,16,9,,,3,3,,
2014/05/03,17,9,,,3,2,,
2014/05/03,18,9,,,3,2,,
2014/05/03,19,9,,,3,3,,
2014/05/03,20,9,,,3,3,,
2014/05/03,21,9,,,3,3,,
2014/05/03,22,9,,,3,2,,
2014/05/03,23,9,,,3,2,,
2014/05/03,24,9,,,3,2,,
2014/05/04,01,9,,,3,2,,
2014/05/04,02,9,,,3,2,,
2014/05/04,03,9,,,3,2,,
2014/05/04,04,9,,,3,2,,
2014/05/04,05,9,,,3,2,,
2014/05/04,06,9,,,3,2,,
2014/05/04,07,9,,,3,2,,
2014/05/04,08,9,,,3,2,,
2014/05/04,09,9,,,3,2,,
2014/05/04,10,9,,,3,2,,
2014/05/04,11,9,,,3,2,,
2014/05/04,12,9,,,3,2,,
2014/05/04,13,9,,,3,2,,
2014/05/04,14,9,,,3,2,,
2014/05/04,15,9,,,3,2,,
2014/05/04,16,9,,,3,2,,
2014/05/04,17,9,,,3,2,,
2014/05/04,18,9,,,3,2,,
2014/05/04,19,9,,,3,2,,
2014/05/04,20,9,,,3,3,,
2014/05/04,21,9,,,3,2,,
2014/05/04,22,9,,,3,2,,
2014/05/04,23,9,,,3,2,,
2014/05/04,24,9,,,3,2,,
2014/05/05,01,9,,,3,2,,
2014/05/05,02,9,,,3,2,,
2014/05/05,03,9,,,3,2,,
2014/05/05,04,9,,,3,2,,
2014/05/05,05,9,,,3,2,,
2014/05/05,06,9,,,3,2,,
2014/05/05,07,9,,,3,2,,
2014/05/05,08,9,,,3,2,,
2014/05/05,09,9,,,3,2,,
2014/05/05,10,9,,,3,2,,
2014/05/05,11,9,,,3,2,,
2014/05/05,12,9,,,3,2,,
2014/05/05,13,9,,,3,2,,
2014/05/05,14,9,,,3,2,,
2014/05/05,15,9,,,3,2,,
2014/05/05,16,9,,,3,2,,
2014/05/05,17,9,,,3,2,,
2014/05/05,18,9,,,3,2,,
2014/05/05,19,9,,,3,2,,
2014/05/05,20,9,,,3,2,,
2014/05/05,21,9,,,3,2,,
2014/05/05,22,9,,,3,2,,
2014/05/05,23,9,,,3,2,,
2014/05/05,24,9,,,3,2,,
2014/05/06,01,9,,,3,2,,
2014/05/06,02,9,,,3,2,,
2014/05/06,03,9,,,3,2,,
2014/05/06,04,9,,,3,2,,
2014/05/06,05,9,,,3,2,,
2014/05/06,06,9,,,3,2,,
2014/05/06,07,9,,,3,2,,
2014/05/06,08,9,,,3,2,,
2014/05/06,09,9,,,3,2,,
2014/05/06,10,9,,,3,2,,
2014/05/06,11,10,,,3,2,,
2014/05/06,12,11,,,4,3,,
2014/05/06,13,10,,,4,3,,
2014/05/06,14,9,,,4,2,,
2014/05/06,15,9,,,3,2,,
2014/05/06,16,9,,,3,2,,
2014/05/06,17,8,,,3,2,,
2014/05/06,18,9,,,3,2,,
2014/05/06,19,9,,,3,2,,
2014/05/06,20,9,,,3,2,,
2014/05/06,21,9,,,3,2,,
2014/05/06,22,9,,,3,2,,
2014/05/06,23,9,,,3,2,,
2014/05/06,24,9,,,3,2,,
2014/05/07,01,9,,,3,2,,
2014/05/07,02,9,,,3,2,,
2014/05/07,03,8,,,3,2,,
2014/05/07,04,11,,,3,2,,
2014/05/07,05,23,,,10,2,,
2014/05/07,06,48,,,28,2,,
2014/05/07,07,36,,,35,2,,
2014/05/07,08,42,,,26,2,,
2014/05/07,09,100,,,43,9,,
2014/05/07,10,132,,,94,14,,
2014/05/07,11,131,,,95,15,,
2014/05/07,12,130,,,99,15,,
2014/05/07,13,78,,,66,10,,
2014/05/07,14,154,,,92,13,,
2014/05/07,15,145,,,111,15,,
2014/05/07,16,128,,,93,15,,
2014/05/07,17,134,,,100,15,,
2014/05/07,18,81,,,90,15,,
2014/05/07,19,29,,,23,8,,
2014/05/07,20,20,,,16,5,,
2014/05/07,21,15,,,7,4,,
2014/05/07,22,14,,,6,3,,
2014/05/07,23,12,,,5,3,,
2014/05/07,24,10,,,5,3,,
2014/05/08,01,10,,,4,3,,
2014/05/08,02,10,,,4,3,,
2014/05/08,03,10,,,4,3,,
2014/05/08,04,11,,,3,2,,
2014/05/08,05,23,,,10,2,,
2014/05/08,06,47,,,28,2,,
2014/05/08,07,36,,,33,2,,
2014/05/08,08,37,,,27,2,,
2014/05/08,09,105,,,37,8,,
2014/05/08,10,143,,,101,15,,
2014/05/08,11,143,,,109,15,,
2014/05/08,12,126,,,102,15,,
2014/05/08,13,75,,,61,10,,
2014/05/08,14,138,,,87,13,,
2014/05/08,15,140,,,99,16,,
2014/05/08,16,122,,,93,15,,
2014/05/08,17,123,,,88,15,,
2014/05/08,18,74,,,80,15,,
2014/05/08,19,34,,,26,8,,
2014/05/08,20,20,,,19,5,,
2014/05/08,21,14,,,6,4,,
2014/05/08,22,13,,,5,3,,
2014/05/08,23,11,,,5,3,,
2014/05/08,24,11,,,6,3,,
2014/05/09,01,10,,,5,3,,
2014/05/09,02,10,,,5,3,,
2014/05/09,03,10,,,5,3,,
2014/05/09,04,12,,,4,2,,
2014/05/09,05,24,,,11,2,,
2014/05/09,06,47,,,28,2,,
2014/05/09,07,35,,,33,2,,
2014/05/09,08,38,,,26,2,,
2014/05/09,09,94,,,36,9,,
2014/05/09,10,120,,,81,15,,
2014/05/09,11,125,,,93,16,,
2014/05/09,12,120,,,87,15,,
2014/05/09,13,83,,,66,12,,
2014/05/09,14,152,,,94,14,,
2014/05/09,15,140,,,107,16,,
2014/05/09,16,130,,,90,15,,
2014/05/09,17,137,,,102,15,,
2014/05/09,18,80,,,92,16,,
2014/05/09,19,17,,,14,7,,
2014/05/09,20,13,,,6,4,,
2014/05/09,21,12,,,5,3,,
2014/05/09,22,11,,,4,3,,
2014/05/09,23,10,,,4,3,,
2014/05/09,24,10,,,4,3,,
2014/05/10,01,9,,,4,3,,
2014/05/10,02,9,,,4,3,,
2014/05/10,03,9,,,4,3,,
2014/05/10,04,11,,,3,2,,
2014/05/10,05,20,,,10,2,,
2014/05/10,06,30,,,17,2,,
2014/05/10,07,24,,,21,2,,
2014/05/10,08,27,,,16,2,,
2014/05/10,09,80,,,26,8,,
2014/05/10,10,120,,,80,14,,
2014/05/10,11,119,,,83,15,,
2014/05/10,12,106,,,86,15,,
2014/05/10,13,57,,,48,9,,
2014/05/10,14,101,,,58,12,,
2014/05/10,15,94,,,65,14,,
2014/05/10,16,86,,,57,13,,
2014/05/10,17,100,,,68,14,,
2014/05/10,18,56,,,62,14,,
2014/05/10,19,15,,,9,8,,
2014/05/10,20,13,,,5,4,,
2014/05/10,21,11,,,4,3,,
2014/05/10,22,11,,,4,3,,
2014/05/10,23,11,,,4,3,,
2014/05/10,24,9,,,4,3,,
2014/05/11,01,9,,,3,3,,
2014/05/11,02,9,,,3,3,,
2014/05/11,03,9,,,3,3,,
2014/05/11,04,9,,,3,3,,
2014/05/11,05,9,,,3,2,,
2014/05/11,06,9,,,3,2,,
2014/05/11,07,9,,,3,2,,
2014/05/11,08,9,,,3,2,,
2014/05/11,09,9,,,3,2,,
2014/05/11,10,9,,,3,2,,
2014/05/11,11,9,,,3,2,,
2014/05/11,12,9,,,3,2,,
2014/05/11,13,9,,,3,2,,
2014/05/11,14,9,,,3,2,,
2014/05/11,15,9,,,3,2,,
2014/05/11,16,9,,,3,2,,
2014/05/11,17,9,,,3,3,,
2014/05/11,18,9,,,3,3,,
2014/05/11,19,9,,,3,3,,
2014/05/11,20,9,,,3,3,,
2014/05/11,21,9,,,3,3,,
2014/05/11,22,9,,,3,2,,
2014/05/11,23,9,,,3,2,,
2014/05/11,24,9,,,3,3,,
2014/05/12,01,9,,,3,3,,
2014/05/12,02,9,,,3,3,,
2014/05/12,03,9,,,3,3,,
2014/05/12,04,12,,,3,2,,
2014/05/12,05,25,,,11,2,,
2014/05/12,06,49,,,29,2,,
2014/05/12,07,39,,,36,2,,
2014/05/12,08,48,,,28,3,,
2014/05/12,09,117,,,44,10,,
2014/05/12,10,165,,,115,15,,
2014/05/12,11,162,,,124,16,,
2014/05/12,12,134,,,116,16,,
2014/05/12,13,74,,,62,10,,
2014/05/12,14,128,,,77,14,,
2014/05/12,15,128,,,93,16,,
2014/05/12,16,123,,,90,15,,
2014/05/12,17,125,,,87,15,,
2014/05/12,18,81,,,93,15,,
2014/05/12,19,30,,,21,7,,
2014/05/12,20,31,,,20,5,,
2014/05/12,21,18,,,16,5,,
2014/05/12,22,13,,,5,4,,
2014/05/12,23,12,,,5,3,,
2014/05/12,24,11,,,5,3,,
2014/05/13,01,10,,,4,3,,
2014/05/13,02,10,,,4,3,,
2014/05/13,03,10,,,4,3,,
2014/05/13,04,13,,,3,2,,
2014/05/13,05,25,,,12,3,,
2014/05/13,06,48,,,28,2,,
2014/05/13,07,36,,,35,2,,
2014/05/13,08,40,,,27,3,,
2014/05/13,09,102,,,41,9,,
2014/05/13,10,139,,,95,15,,
2014/05/13,11,129,,,100,16,,
2014/05/13,12,130,,,97,16,,
2014/05/13,13,74,,,65,11,,
2014/05/13,14,134,,,78,13,,
2014/05/13,15,139,,,100,16,,
2014/05/13,16,139,,,97,16,,
2014/05/13,17,151,,,111,16,,
2014/05/13,18,92,,,105,16,,
2014/05/13,19,36,,,30,7,,
2014/05/13,20,24,,,17,5,,
2014/05/13,21,15,,,10,5,,
2014/05/13,22,12,,,4,3,,
2014/05/13,23,11,,,4,3,,
2014/05/13,24,10,,,4,3,,
2014/05/14,01,9,,,4,3,,
2014/05/14,02,10,,,4,3,,
2014/05/14,03,9,,,4,3,,
2014/05/14,04,12,,,3,2,,
2014/05/14,05,25,,,12,2,,
2014/05/14,06,48,,,28,3,,
2014/05/14,07,38,,,34,2,,
2014/05/14,08,47,,,29,3,,
2014/05/14,09,119,,,45,9,,
2014/05/14,10,160,,,116,15,,
2014/05/14,11,167,,,122,16,,
2014/05/14,12,150,,,119,16,,
2014/05/14,13,94,,,78,11,,
2014/05/14,14,180,,,111,14,,
2014/05/14,15,176,,,131,16,,
2014/05/14,16,161,,,117,16,,
2014/05/14,17,160,,,125,16,,
2014/05/14,18,102,,,113,16,,
2014/05/14,19,31,,,30,8,,
2014/05/14,20,18,,,11,5,,
2014/05/14,21,14,,,6,4,,
2014/05/14,22,13,,,5,4,,
2014/05/14,23,13,,,5,3,,
2014/05/14,24,12,,,6,3,,
2014/05/15,01,12,,,6,3,,
2014/05/15,02,12,,,6,3,,
2014/05/15,03,11,,,6,3,,
2014/05/15,04,15,,,5,3,,
2014/05/15,05,27,,,13,3,,
2014/05/15,06,48,,,30,3,,
2014/05/15,07,36,,,32,2,,
2014/05/15,08,41,,,27,3,,
2014/05/15,09,112,,,42,9,,
2014/05/15,10,144,,,104,16,,
2014/05/15,11,148,,,105,17,,
2014/05/15,12,134,,,108,16,,
2014/05/15,13,73,,,63,11,,
2014/05/15,14,147,,,84,14,,
2014/05/15,15,145,,,109,16,,
2014/05/15,16,127,,,95,15,,
2014/05/15,17,130,,,93,16,,
2014/05/15,18,96,,,96,15,,
2014/05/15,19,62,,,47,8,,
2014/05/15,20,45,,,45,7,,
2014/05/15,21,18,,,17,4,,
2014/05/15,22,13,,,7,4,,
2014/05/15,23,12,,,5,3,,
2014/05/15,24,11,,,5,3,,
2014/05/16,01,11,,,5,3,,
2014/05/16,02,10,,,4,3,,
2014/05/16,03,10,,,4,3,,
2014/05/16,04,12,,,3,2,,
2014/05/16,05,25,,,12,2,,
2014/05/16,06,47,,,28,2,,
2014/05/16,07,40,,,34,2,,
2014/05/16,08,53,,,35,3,,
2014/05/16,09,129,,,51,9,,
2014/05/16,10,171,,,126,15,,
2014/05/16,11,170,,,124,16,,
2014/05/16,12,144,,,118,16,,
2014/05/16,13,88,,,73,12,,
2014/05/16,14,159,,,99,13,,
2014/05/16,15,158,,,116,16,,
2014/05/16,16,153,,,111,16,,
2014/05/16,17,164,,,122,16,,
2014/05/16,18,116,,,111,16,,
2014/05/16,19,58,,,59,10,,
2014/05/16,20,37,,,26,5,,
2014/05/16,21,15,,,16,4,,
2014/05/16,22,12,,,4,3,,
2014/05/16,23,11,,,4,3,,
2014/05/16,24,10,,,4,3,,
2014/05/17,01,10,,,4,3,,
2014/05/17,02,10,,,4,3,,
2014/05/17,03,10,,,4,3,,
2014/05/17,04,12,,,3,3,,
2014/05/17,05,24,,,10,3,,
2014/05/17,06,47,,,27,2,,
2014/05/17,07,36,,,34,2,,
2014/05/17,08,39,,,27,3,,
2014/05/17,09,109,,,38,9,,
2014/05/17,10,140,,,100,15,,
2014/05/17,11,153,,,110,15,,
2014/05/17,12,134,,,112,16,,
2014/05/17,13,84,,,68,11,,
2014/05/17,14,148,,,95,12,,
2014/05/17,15,147,,,108,15,,
2014/05/17,16,126,,,97,15,,
2014/05/17,17,141,,,97,16,,
2014/05/17,18,69,,,90,16,,
2014/05/17,19,15,,,11,7,,
2014/05/17,20,13,,,5,4,,
2014/05/17,21,12,,,4,4,,
2014/05/17,22,11,,,4,3,,
2014/05/17,23,10,,,4,3,,
2014/05/17,24,9,,,4,3,,
2014/05/18,01,9,,,3,3,,
2014/05/18,02,9,,,3,3,,
2014/05/18,03,9,,,3,3,,
2014/05/18,04,9,,,3,3,,
2014/05/18,05,9,,,3,3,,
2014/05/18,06,9,,,3,2,,
2014/05/18,07,9,,,3,2,,
2014/05/18,08,9,,,3,2,,
2014/05/18,09,9,,,3,2,,
2014/05/18,10,9,,,3,3,,
2014/05/18,11,10,,,3,3,,
2014/05/18,12,11,,,3,4,,
2014/05/18,13,11,,,3,4,,
2014/05/18,14,11,,,3,4,,
2014/05/18,15,10,,,3,4,,
2014/05/18,16,9,,,3,2,,
2014/05/18,17,9,,,3,3,,
2014/05/18,18,9,,,3,3,,
2014/05/18,19,9,,,3,3,,
2014/05/18,20,9,,,3,3,,
2014/05/18,21,9,,,3,3,,
2014/05/18,22,9,,,3,3,,
2014/05/18,23,9,,,3,2,,
2014/05/18,24,9,,,3,3,,
2014/05/19,01,9,,,3,3,,
2014/05/19,02,9,,,3,3,,
2014/05/19,03,9,,,3,3,,
2014/05/19,04,12,,,3,2,,
2014/05/19,05,25,,,12,2,,
2014/05/19,06,48,,,29,2,,
2014/05/19,07,40,,,35,2,,
2014/05/19,08,49,,,31,3,,
2014/05/19,09,112,,,47,10,,
2014/05/19,10,166,,,113,15,,
2014/05/19,11,165,,,122,16,,
2014/05/19,12,148,,,122,16,,
2014/05/19,13,90,,,75,11,,
2014/05/19,14,139,,,88,13,,
2014/05/19,15,159,,,109,16,,
2014/05/19,16,152,,,111,15,,
2014/05/19,17,161,,,118,16,,
2014/05/19,18,94,,,118,15,,
2014/05/19,19,17,,,14,7,,
2014/05/19,20,15,,,6,4,,
2014/05/19,21,13,,,5,4,,
2014/05/19,22,12,,,4,4,,
2014/05/19,23,11,,,4,3,,
2014/05/19,24,11,,,5,4,,
2014/05/20,01,9,,,4,3,,
2014/05/20,02,9,,,4,3,,
2014/05/20,03,9,,,4,3,,
2014/05/20,04,12,,,3,3,,
2014/05/20,05,25,,,11,2,,
2014/05/20,06,47,,,28,2,,
2014/05/20,07,39,,,34,2,,
2014/05/20,08,48,,,30,3,,
2014/05/20,09,129,,,54,8,,
2014/05/20,10,162,,,117,16,,
2014/05/20,11,170,,,125,16,,
2014/05/20,12,151,,,121,17,,
2014/05/20,13,94,,,77,12,,
2014/05/20,14,176,,,105,14,,
2014/05/20,15,171,,,129,16,,
2014/05/20,16,158,,,120,15,,
2014/05/20,17,162,,,121,16,,
2014/05/20,18,106,,,116,15,,
2014/05/20,19,42,,,35,11,,
2014/05/20,20,23,,,18,8,,
2014/05/20,21,14,,,6,4,,
2014/05/20,22,11,,,4,3,,
2014/05/20,23,11,,,4,3,,
2014/05/20,24,11,,,5,3,,
2014/05/21,01,11,,,5,3,,
2014/05/21,02,9,,,4,3,,
2014/05/21,03,9,,,4,3,,
2014/05/21,04,12,,,3,2,,
2014/05/21,05,25,,,11,2,,
2014/05/21,06,48,,,28,2,,
2014/05/21,07,39,,,33,2,,
2014/05/21,08,45,,,27,3,,
2014/05/21,09,116,,,43,9,,
2014/05/21,10,146,,,111,15,,
2014/05/21,11,146,,,108,16,,
2014/05/21,12,133,,,106,16,,
2014/05/21,13,83,,,68,11,,
2014/05/21,14,153,,,92,13,,
2014/05/21,15,156,,,115,16,,
2014/05/21,16,140,,,106,15,,
2014/05/21,17,143,,,101,16,,
2014/05/21,18,110,,,109,17,,
2014/05/21,19,61,,,51,10,,
2014/05/21,20,24,,,31,8,,
2014/05/21,21,14,,,6,4,,
2014/05/21,22,12,,,5,3,,
2014/05/21,23,12,,,4,3,,
2014/05/21,24,11,,,5,3,,
2014/05/22,01,10,,,4,3,,
2014/05/22,02,10,,,4,3,,
2014/05/22,03,9,,,4,3,,
2014/05/22,04,12,,,3,2,,
2014/05/22,05,25,,,11,3,,
2014/05/22,06,47,,,28,2,,
2014/05/22,07,37,,,33,2,,
2014/05/22,08,44,,,29,3,,
2014/05/22,09,118,,,43,9,,
2014/05/22,10,157,,,114,15,,
2014/05/22,11,172,,,122,16,,
2014/05/22,12,155,,,126,16,,
2014/05/22,13,99,,,82,12,,
2014/05/22,14,177,,,107,14,,
2014/05/22,15,174,,,132,16,,
2014/05/22,16,162,,,119,15,,
2014/05/22,17,163,,,127,15,,
2014/05/22,18,113,,,116,16,,
2014/05/22,19,66,,,49,10,,
2014/05/22,20,40,,,45,8,,
2014/05/22,21,15,,,8,5,,
2014/05/22,22,13,,,5,4,,
2014/05/22,23,12,,,5,3,,
2014/05/22,24,11,,,5,3,,
2014/05/23,01,10,,,4,3,,
2014/05/23,02,10,,,4,3,,
2014/05/23,03,10,,,4,3,,
2014/05/23,04,13,,,4,2,,
2014/05/23,05,25,,,12,2,,
2014/05/23,06,48,,,28,2,,
2014/05/23,07,36,,,33,2,,
2014/05/23,08,42,,,28,2,,
2014/05/23,09,109,,,41,8,,
2014/05/23,10,148,,,107,15,,
2014/05/23,11,160,,,115,16,,
2014/05/23,12,150,,,118,16,,
2014/05/23,13,93,,,79,11,,
2014/05/23,14,153,,,102,13,,
2014/05/23,15,163,,,116,16,,
2014/05/23,16,149,,,108,16,,
2014/05/23,17,157,,,124,16,,
2014/05/23,18,71,,,87,16,,
2014/05/23,19,18,,,14,6,,
2014/05/23,20,16,,,9,5,,
2014/05/23,21,11,,,4,3,,
2014/05/23,22,11,,,4,3,,
2014/05/23,23,10,,,4,3,,
2014/05/23,24,10,,,4,3,,
2014/05/24,01,9,,,4,3,,
2014/05/24,02,9,,,3,3,,
2014/05/24,03,9,,,3,3,,
2014/05/24,04,9,,,3,2,,
2014/05/24,05,9,,,3,2,,
2014/05/24,06,9,,,3,2,,
2014/05/24,07,9,,,3,2,,
2014/05/24,08,9,,,3,2,,
2014/05/24,09,12,,,3,4,,
2014/05/24,10,0,,,1,2,,
2014/05/24,11,0,,,0,0,,
2014/05/24,12,0,,,0,0,,
2014/05/24,13,0,,,0,0,,
2014/05/24,14,12,,,2,3,,
2014/05/24,15,10,,,3,4,,
2014/05/24,16,9,,,3,3,,
2014/05/24,17,9,,,2,2,,
2014/05/24,18,8,,,2,2,,
2014/05/24,19,8,,,2,2,,
2014/05/24,20,8,,,2,2,,
2014/05/24,21,9,,,2,2,,
2014/05/24,22,9,,,2,2,,
2014/05/24,23,9,,,2,3,,
2014/05/24,24,9,,,3,3,,
2014/05/25,01,9,,,3,3,,
2014/05/25,02,8,,,3,3,,
2014/05/25,03,8,,,3,3,,
2014/05/25,04,8,,,2,2,,
2014/05/25,05,8,,,2,2,,
2014/05/25,06,8,,,2,2,,
2014/05/25,07,8,,,2,2,,
2014/05/25,08,9,,,2,2,,
2014/05/25,09,8,,,2,3,,
2014/05/25,10,8,,,2,2,,
2014/05/25,11,9,,,2,3,,
2014/05/25,12,8,,,2,2,,
2014/05/25,13,8,,,2,2,,
2014/05/25,14,9,,,2,2,,
2014/05/25,15,8,,,2,2,,
2014/05/25,16,8,,,2,3,,
2014/05/25,17,8,,,2,2,,
2014/05/25,18,8,,,2,2,,
2014/05/25,19,9,,,2,2,,
2014/05/25,20,9,,,2,2,,
2014/05/25,21,9,,,2,3,,
2014/05/25,22,9,,,2,3,,
2014/05/25,23,9,,,3,3,,
2014/05/25,24,9,,,3,3,,
2014/05/26,01,9,,,3,3,,
2014/05/26,02,9,,,3,3,,
2014/05/26,03,9,,,3,3,,
2014/05/26,04,11,,,2,2,,
2014/05/26,05,25,,,11,2,,
2014/05/26,06,49,,,29,2,,
2014/05/26,07,44,,,36,3,,
2014/05/26,08,60,,,38,3,,
2014/05/26,09,115,,,47,9,,
2014/05/26,10,173,,,120,15,,
2014/05/26,11,171,,,128,15,,
2014/05/26,12,163,,,129,15,,
2014/05/26,13,96,,,83,12,,
2014/05/26,14,175,,,106,13,,
2014/05/26,15,181,,,136,15,,
2014/05/26,16,172,,,126,16,,
2014/05/26,17,179,,,137,16,,
2014/05/26,18,125,,,132,16,,
2014/05/26,19,69,,,51,12,,
2014/05/26,20,58,,,47,10,,
2014/05/26,21,29,,,27,8,,
2014/05/26,22,14,,,6,4,,
2014/05/26,23,13,,,6,3,,
2014/05/26,24,13,,,6,4,,
2014/05/27,01,12,,,6,4,,
2014/05/27,02,11,,,5,3,,
2014/05/27,03,11,,,5,3,,
2014/05/27,04,13,,,4,2,,
2014/05/27,05,26,,,12,2,,
2014/05/27,06,48,,,29,2,,
2014/05/27,07,38,,,34,2,,
2014/05/27,08,43,,,29,3,,
2014/05/27,09,121,,,42,8,,
2014/05/27,10,177,,,126,15,,
2014/05/27,11,180,,,134,16,,
2014/05/27,12,165,,,136,16,,
2014/05/27,13,97,,,83,11,,
2014/05/27,14,167,,,107,13,,
2014/05/27,15,174,,,123,16,,
2014/05/27,16,177,,,125,16,,
2014/05/27,17,193,,,145,16,,
2014/05/27,18,136,,,140,16,,
2014/05/27,19,80,,,60,12,,
2014/05/27,20,62,,,54,11,,
2014/05/27,21,47,,,32,8,,
2014/05/27,22,32,,,31,7,,
2014/05/27,23,15,,,7,4,,
2014/05/27,24,14,,,7,4,,
2014/05/28,01,13,,,7,4,,
2014/05/28,02,12,,,6,3,,
2014/05/28,03,11,,,6,3,,
2014/05/28,04,14,,,4,3,,
2014/05/28,05,26,,,12,3,,
2014/05/28,06,48,,,29,2,,
2014/05/28,07,44,,,34,2,,
2014/05/28,08,59,,,39,4,,
2014/05/28,09,132,,,57,10,,
2014/05/28,10,179,,,130,15,,
2014/05/28,11,192,,,138,16,,
2014/05/28,12,186,,,151,16,,
2014/05/28,13,121,,,101,12,,
2014/05/28,14,203,,,127,13,,
2014/05/28,15,206,,,156,16,,
2014/05/28,16,209,,,151,16,,
2014/05/28,17,218,,,171,16,,
2014/05/28,18,151,,,151,16,,
2014/05/28,19,88,,,73,13,,
2014/05/28,20,65,,,55,10,,
2014/05/28,21,44,,,36,7,,
2014/05/28,22,17,,,16,4,,
2014/05/28,23,15,,,7,4,,
2014/05/28,24,14,,,7,4,,
2014/05/29,01,13,,,7,4,,
2014/05/29,02,13,,,6,3,,
2014/05/29,03,12,,,6,3,,
2014/05/29,04,14,,,5,3,,
2014/05/29,05,27,,,13,3,,
2014/05/29,06,49,,,29,2,,
2014/05/29,07,48,,,37,2,,
2014/05/29,08,58,,,37,4,,
2014/05/29,09,144,,,61,10,,
2014/05/29,10,211,,,149,16,,
2014/05/29,11,215,,,159,16,,
2014/05/29,12,199,,,163,16,,
2014/05/29,13,124,,,106,13,,
2014/05/29,14,223,,,141,14,,
2014/05/29,15,228,,,174,16,,
2014/05/29,16,221,,,161,16,,
2014/05/29,17,237,,,178,16,,
2014/05/29,18,155,,,165,16,,
2014/05/29,19,80,,,69,13,,
2014/05/29,20,51,,,44,11,,
2014/05/29,21,22,,,22,5,,
2014/05/29,22,13,,,5,4,,
2014/05/29,23,13,,,5,4,,
2014/05/29,24,12,,,5,4,,
2014/05/30,01,10,,,4,4,,
2014/05/30,02,10,,,4,3,,
2014/05/30,03,10,,,4,3,,
2014/05/30,04,13,,,3,3,,
2014/05/30,05,24,,,12,3,,
2014/05/30,06,38,,,22,3,,
2014/05/30,07,54,,,35,3,,
2014/05/30,08,64,,,45,4,,
2014/05/30,09,141,,,60,10,,
2014/05/30,10,207,,,148,15,,
2014/05/30,11,211,,,159,16,,
2014/05/30,12,203,,,162,16,,
2014/05/30,13,125,,,104,13,,
2014/05/30,14,232,,,140,14,,
2014/05/30,15,235,,,180,16,,
2014/05/30,16,220,,,166,16,,
2014/05/30,17,228,,,172,17,,
2014/05/30,18,211,,,178,18,,
2014/05/30,19,125,,,111,15,,
2014/05/30,20,94,,,81,11,,
2014/05/30,21,26,,,36,9,,
2014/05/30,22,14,,,6,4,,
2014/05/30,23,13,,,5,4,,
2014/05/30,24,12,,,5,4,,
2014/05/31,01,11,,,5,4,,
2014/05/31,02,11,,,5,3,,
2014/05/31,03,11,,,5,3,,
2014/05/31,04,12,,,3,3,,
2014/05/31,05,16,,,7,2,,
2014/05/31,06,41,,,22,2,,
2014/05/31,07,36,,,29,2,,
2014/05/31,08,50,,,29,3,,
2014/05/31,09,149,,,56,10,,
2014/05/31,10,218,,,156,16,,
2014/05/31,11,243,,,175,16,,
2014/05/31,12,221,,,183,16,,
2014/05/31,13,152,,,124,14,,
2014/05/31,14,246,,,156,15,,
2014/05/31,15,232,,,186,15,,
2014/05/31,16,221,,,162,16,,
2014/05/31,17,212,,,171,16,,
2014/05/31,18,151,,,147,16,,
2014/05/31,19,101,,,77,9,,
2014/05/31,20,58,,,63,8,,
2014/05/31,21,23,,,18,6,,
2014/05/31,22,22,,,13,3,,
2014/05/31,23,20,,,11,4,,
2014/05/31,24,20,,,13,4,,
