計測日,計測時間,全体,空調,照明,動力,電灯,冷凍・冷熱,その他
2012/08/01,01,288,50,,,,,
2012/08/01,02,208,50,,,,,
2012/08/01,03,150,41,,,,,
2012/08/01,04,34,5,,,,,
2012/08/01,05,36,5,,,,,
2012/08/01,06,32,5,,,,,
2012/08/01,07,32,5,,,,,
2012/08/01,08,36,5,,,,,
2012/08/01,09,172,98,,,,,
2012/08/01,10,540,129,,,,,
2012/08/01,11,864,275,,,,,
2012/08/01,12,952,264,,,,,
2012/08/01,13,848,267,,,,,
2012/08/01,14,886,273,,,,,
2012/08/01,15,978,285,,,,,
2012/08/01,16,920,285,,,,,
2012/08/01,17,986,278,,,,,
2012/08/01,18,954,269,,,,,
2012/08/01,19,894,254,,,,,
2012/08/01,20,926,239,,,,,
2012/08/01,21,398,83,,,,,
2012/08/01,22,248,53,,,,,
2012/08/01,23,272,53,,,,,
2012/08/01,24,152,30,,,,,
2012/08/02,01,40,9,,,,,
2012/08/02,02,34,6,,,,,
2012/08/02,03,34,5,,,,,
2012/08/02,04,38,5,,,,,
2012/08/02,05,32,5,,,,,
2012/08/02,06,34,5,,,,,
2012/08/02,07,36,5,,,,,
2012/08/02,08,42,8,,,,,
2012/08/02,09,110,27,,,,,
2012/08/02,10,550,194,,,,,
2012/08/02,11,876,270,,,,,
2012/08/02,12,900,276,,,,,
2012/08/02,13,890,275,,,,,
2012/08/02,14,830,258,,,,,
2012/08/02,15,918,284,,,,,
2012/08/02,16,970,284,,,,,
2012/08/02,17,846,275,,,,,
2012/08/02,18,854,263,,,,,
2012/08/02,19,824,246,,,,,
2012/08/02,20,806,231,,,,,
2012/08/02,21,468,108,,,,,
2012/08/02,22,264,68,,,,,
2012/08/02,23,38,6,,,,,
2012/08/02,24,30,5,,,,,
2012/08/03,01,32,5,,,,,
2012/08/03,02,34,5,,,,,
2012/08/03,03,32,5,,,,,
2012/08/03,04,34,5,,,,,
2012/08/03,05,32,5,,,,,
2012/08/03,06,34,5,,,,,
2012/08/03,07,32,5,,,,,
2012/08/03,08,34,5,,,,,
2012/08/03,09,144,75,,,,,
2012/08/03,10,480,123,,,,,
2012/08/03,11,846,239,,,,,
2012/08/03,12,844,242,,,,,
2012/08/03,13,862,249,,,,,
2012/08/03,14,826,263,,,,,
2012/08/03,15,942,261,,,,,
2012/08/03,16,958,263,,,,,
2012/08/03,17,860,258,,,,,
2012/08/03,18,864,248,,,,,
2012/08/03,19,856,231,,,,,
2012/08/03,20,864,222,,,,,
2012/08/03,21,328,63,,,,,
2012/08/03,22,232,54,,,,,
2012/08/03,23,232,53,,,,,
2012/08/03,24,226,53,,,,,
2012/08/04,01,112,27,,,,,
2012/08/04,02,42,5,,,,,
2012/08/04,03,38,5,,,,,
2012/08/04,04,36,6,,,,,
2012/08/04,05,42,5,,,,,
2012/08/04,06,38,5,,,,,
2012/08/04,07,40,5,,,,,
2012/08/04,08,40,6,,,,,
2012/08/04,09,60,12,,,,,
2012/08/04,10,592,159,,,,,
2012/08/04,11,906,236,,,,,
2012/08/04,12,892,270,,,,,
2012/08/04,13,860,242,,,,,
2012/08/04,14,762,224,,,,,
2012/08/04,15,900,230,,,,,
2012/08/04,16,776,213,,,,,
2012/08/04,17,820,215,,,,,
2012/08/04,18,824,228,,,,,
2012/08/04,19,858,219,,,,,
2012/08/04,20,794,213,,,,,
2012/08/04,21,428,153,,,,,
2012/08/04,22,192,92,,,,,
2012/08/04,23,32,5,,,,,
2012/08/04,24,30,5,,,,,
2012/08/05,01,34,5,,,,,
2012/08/05,02,30,5,,,,,
2012/08/05,03,34,5,,,,,
2012/08/05,04,34,5,,,,,
2012/08/05,05,32,5,,,,,
2012/08/05,06,34,5,,,,,
2012/08/05,07,30,5,,,,,
2012/08/05,08,40,8,,,,,
2012/08/05,09,74,20,,,,,
2012/08/05,10,548,144,,,,,
2012/08/05,11,808,236,,,,,
2012/08/05,12,856,233,,,,,
2012/08/05,13,786,240,,,,,
2012/08/05,14,904,254,,,,,
2012/08/05,15,910,276,,,,,
2012/08/05,16,950,266,,,,,
2012/08/05,17,948,267,,,,,
2012/08/05,18,850,258,,,,,
2012/08/05,19,818,255,,,,,
2012/08/05,20,950,243,,,,,
2012/08/05,21,698,207,,,,,
2012/08/05,22,300,59,,,,,
2012/08/05,23,210,57,,,,,
2012/08/05,24,110,18,,,,,
2012/08/06,01,34,6,,,,,
2012/08/06,02,36,6,,,,,
2012/08/06,03,32,6,,,,,
2012/08/06,04,36,6,,,,,
2012/08/06,05,36,6,,,,,
2012/08/06,06,36,6,,,,,
2012/08/06,07,36,6,,,,,
2012/08/06,08,38,8,,,,,
2012/08/06,09,74,12,,,,,
2012/08/06,10,572,159,,,,,
2012/08/06,11,800,227,,,,,
2012/08/06,12,786,210,,,,,
2012/08/06,13,746,189,,,,,
2012/08/06,14,748,188,,,,,
2012/08/06,15,828,186,,,,,
2012/08/06,16,744,189,,,,,
2012/08/06,17,770,197,,,,,
2012/08/06,18,720,194,,,,,
2012/08/06,19,838,182,,,,,
2012/08/06,20,790,159,,,,,
2012/08/06,21,454,74,,,,,
2012/08/06,22,140,14,,,,,
2012/08/06,23,246,90,,,,,
2012/08/06,24,236,99,,,,,
2012/08/07,01,236,98,,,,,
2012/08/07,02,226,84,,,,,
2012/08/07,03,244,81,,,,,
2012/08/07,04,50,8,,,,,
2012/08/07,05,36,6,,,,,
2012/08/07,06,34,6,,,,,
2012/08/07,07,30,6,,,,,
2012/08/07,08,32,6,,,,,
2012/08/07,09,54,11,,,,,
2012/08/07,10,420,131,,,,,
2012/08/07,11,720,198,,,,,
2012/08/07,12,822,209,,,,,
2012/08/07,13,884,218,,,,,
2012/08/07,14,826,209,,,,,
2012/08/07,15,812,218,,,,,
2012/08/07,16,826,230,,,,,
2012/08/07,17,920,267,,,,,
2012/08/07,18,910,248,,,,,
2012/08/07,19,920,228,,,,,
2012/08/07,20,790,176,,,,,
2012/08/07,21,432,81,,,,,
2012/08/07,22,158,12,,,,,
2012/08/07,23,46,6,,,,,
2012/08/07,24,36,6,,,,,
2012/08/08,01,32,6,,,,,
2012/08/08,02,32,6,,,,,
2012/08/08,03,36,6,,,,,
2012/08/08,04,34,6,,,,,
2012/08/08,05,34,6,,,,,
2012/08/08,06,38,6,,,,,
2012/08/08,07,34,6,,,,,
2012/08/08,08,40,8,,,,,
2012/08/08,09,72,11,,,,,
2012/08/08,10,434,77,,,,,
2012/08/08,11,836,206,,,,,
2012/08/08,12,734,203,,,,,
2012/08/08,13,724,198,,,,,
2012/08/08,14,742,207,,,,,
2012/08/08,15,828,204,,,,,
2012/08/08,16,826,210,,,,,
2012/08/08,17,828,213,,,,,
2012/08/08,18,838,197,,,,,
2012/08/08,19,838,191,,,,,
2012/08/08,20,760,180,,,,,
2012/08/08,21,582,155,,,,,
2012/08/08,22,312,65,,,,,
2012/08/08,23,286,48,,,,,
2012/08/08,24,262,47,,,,,
2012/08/09,01,210,45,,,,,
2012/08/09,02,134,33,,,,,
2012/08/09,03,38,5,,,,,
2012/08/09,04,28,3,,,,,
2012/08/09,05,32,3,,,,,
2012/08/09,06,30,3,,,,,
2012/08/09,07,30,3,,,,,
2012/08/09,08,30,5,,,,,
2012/08/09,09,50,9,,,,,
2012/08/09,10,406,110,,,,,
2012/08/09,11,788,188,,,,,
2012/08/09,12,786,230,,,,,
2012/08/09,13,816,213,,,,,
2012/08/09,14,844,213,,,,,
2012/08/09,15,734,204,,,,,
2012/08/09,16,800,218,,,,,
2012/08/09,17,764,210,,,,,
2012/08/09,18,804,218,,,,,
2012/08/09,19,824,182,,,,,
2012/08/09,20,686,114,,,,,
2012/08/09,21,354,32,,,,,
2012/08/09,22,118,8,,,,,
2012/08/09,23,70,5,,,,,
2012/08/09,24,28,3,,,,,
2012/08/10,01,32,5,,,,,
2012/08/10,02,32,5,,,,,
2012/08/10,03,30,3,,,,,
2012/08/10,04,32,3,,,,,
2012/08/10,05,32,3,,,,,
2012/08/10,06,28,3,,,,,
2012/08/10,07,30,5,,,,,
2012/08/10,08,30,5,,,,,
2012/08/10,09,190,81,,,,,
2012/08/10,10,446,111,,,,,
2012/08/10,11,814,201,,,,,
2012/08/10,12,778,197,,,,,
2012/08/10,13,756,198,,,,,
2012/08/10,14,780,210,,,,,
2012/08/10,15,770,213,,,,,
2012/08/10,16,752,203,,,,,
2012/08/10,17,762,204,,,,,
2012/08/10,18,832,197,,,,,
2012/08/10,19,786,194,,,,,
2012/08/10,20,836,188,,,,,
2012/08/10,21,488,146,,,,,
2012/08/10,22,282,117,,,,,
2012/08/10,23,282,111,,,,,
2012/08/10,24,232,87,,,,,
2012/08/11,01,34,3,,,,,
2012/08/11,02,28,3,,,,,
2012/08/11,03,34,3,,,,,
2012/08/11,04,34,5,,,,,
2012/08/11,05,32,3,,,,,
2012/08/11,06,30,5,,,,,
2012/08/11,07,30,3,,,,,
2012/08/11,08,34,5,,,,,
2012/08/11,09,72,11,,,,,
2012/08/11,10,536,120,,,,,
2012/08/11,11,852,219,,,,,
2012/08/11,12,828,219,,,,,
2012/08/11,13,760,222,,,,,
2012/08/11,14,894,224,,,,,
2012/08/11,15,816,236,,,,,
2012/08/11,16,788,237,,,,,
2012/08/11,17,842,231,,,,,
2012/08/11,18,890,224,,,,,
2012/08/11,19,892,218,,,,,
2012/08/11,20,804,219,,,,,
2012/08/11,21,490,128,,,,,
2012/08/11,22,282,71,,,,,
2012/08/11,23,72,14,,,,,
2012/08/11,24,30,5,,,,,
2012/08/12,01,32,3,,,,,
2012/08/12,02,28,3,,,,,
2012/08/12,03,34,5,,,,,
2012/08/12,04,32,3,,,,,
2012/08/12,05,30,3,,,,,
2012/08/12,06,34,5,,,,,
2012/08/12,07,32,5,,,,,
2012/08/12,08,40,6,,,,,
2012/08/12,09,90,29,,,,,
2012/08/12,10,416,159,,,,,
2012/08/12,11,850,204,,,,,
2012/08/12,12,740,204,,,,,
2012/08/12,13,824,216,,,,,
2012/08/12,14,848,228,,,,,
2012/08/12,15,824,224,,,,,
2012/08/12,16,902,233,,,,,
2012/08/12,17,802,231,,,,,
2012/08/12,18,792,218,,,,,
2012/08/12,19,872,212,,,,,
2012/08/12,20,772,171,,,,,
2012/08/12,21,384,42,,,,,
2012/08/12,22,176,11,,,,,
2012/08/12,23,186,9,,,,,
2012/08/12,24,148,9,,,,,
2012/08/13,01,32,3,,,,,
2012/08/13,02,32,3,,,,,
2012/08/13,03,32,5,,,,,
2012/08/13,04,30,3,,,,,
2012/08/13,05,34,3,,,,,
2012/08/13,06,30,5,,,,,
2012/08/13,07,30,5,,,,,
2012/08/13,08,48,8,,,,,
2012/08/13,09,124,23,,,,,
2012/08/13,10,634,195,,,,,
2012/08/13,11,888,246,,,,,
2012/08/13,12,794,245,,,,,
2012/08/13,13,844,260,,,,,
2012/08/13,14,834,255,,,,,
2012/08/13,15,954,258,,,,,
2012/08/13,16,926,261,,,,,
2012/08/13,17,822,249,,,,,
2012/08/13,18,818,240,,,,,
2012/08/13,19,896,231,,,,,
2012/08/13,20,780,216,,,,,
2012/08/13,21,644,156,,,,,
2012/08/13,22,376,135,,,,,
2012/08/13,23,464,179,,,,,
2012/08/13,24,410,192,,,,,
2012/08/14,01,298,126,,,,,
2012/08/14,02,276,116,,,,,
2012/08/14,03,110,18,,,,,
2012/08/14,04,32,6,,,,,
2012/08/14,05,28,3,,,,,
2012/08/14,06,30,3,,,,,
2012/08/14,07,28,5,,,,,
2012/08/14,08,32,5,,,,,
2012/08/14,09,96,11,,,,,
2012/08/14,10,476,128,,,,,
2012/08/14,11,828,207,,,,,
2012/08/14,12,742,197,,,,,
2012/08/14,13,826,194,,,,,
2012/08/14,14,782,206,,,,,
2012/08/14,15,776,209,,,,,
2012/08/14,16,904,227,,,,,
2012/08/14,17,822,234,,,,,
2012/08/14,18,766,228,,,,,
2012/08/14,19,902,224,,,,,
2012/08/14,20,860,215,,,,,
2012/08/14,21,604,164,,,,,
2012/08/14,22,446,125,,,,,
2012/08/14,23,432,120,,,,,
2012/08/14,24,424,116,,,,,
2012/08/15,01,502,117,,,,,
2012/08/15,02,120,35,,,,,
2012/08/15,03,32,3,,,,,
2012/08/15,04,32,5,,,,,
2012/08/15,05,32,3,,,,,
2012/08/15,06,30,3,,,,,
2012/08/15,07,32,5,,,,,
2012/08/15,08,32,3,,,,,
2012/08/15,09,192,63,,,,,
2012/08/15,10,632,153,,,,,
2012/08/15,11,918,237,,,,,
2012/08/15,12,780,237,,,,,
2012/08/15,13,770,237,,,,,
2012/08/15,14,844,246,,,,,
2012/08/15,15,846,236,,,,,
2012/08/15,16,832,237,,,,,
2012/08/15,17,844,237,,,,,
2012/08/15,18,920,236,,,,,
2012/08/15,19,896,224,,,,,
2012/08/15,20,818,213,,,,,
2012/08/15,21,628,165,,,,,
2012/08/15,22,342,123,,,,,
2012/08/15,23,274,117,,,,,
2012/08/15,24,200,105,,,,,
2012/08/16,01,204,99,,,,,
2012/08/16,02,32,5,,,,,
2012/08/16,03,32,3,,,,,
2012/08/16,04,28,3,,,,,
2012/08/16,05,28,3,,,,,
2012/08/16,06,28,3,,,,,
2012/08/16,07,28,5,,,,,
2012/08/16,08,36,6,,,,,
2012/08/16,09,96,44,,,,,
2012/08/16,10,518,164,,,,,
2012/08/16,11,916,234,,,,,
2012/08/16,12,890,234,,,,,
2012/08/16,13,862,236,,,,,
2012/08/16,14,840,243,,,,,
2012/08/16,15,946,264,,,,,
2012/08/16,16,926,252,,,,,
2012/08/16,17,816,255,,,,,
2012/08/16,18,898,246,,,,,
2012/08/16,19,862,213,,,,,
2012/08/16,20,920,213,,,,,
2012/08/16,21,476,87,,,,,
2012/08/16,22,58,8,,,,,
2012/08/16,23,32,5,,,,,
2012/08/16,24,34,5,,,,,
2012/08/17,01,30,3,,,,,
2012/08/17,02,28,3,,,,,
2012/08/17,03,30,5,,,,,
2012/08/17,04,30,3,,,,,
2012/08/17,05,32,5,,,,,
2012/08/17,06,28,3,,,,,
2012/08/17,07,28,3,,,,,
2012/08/17,08,32,3,,,,,
2012/08/17,09,156,71,,,,,
2012/08/17,10,602,191,,,,,
2012/08/17,11,904,246,,,,,
2012/08/17,12,856,252,,,,,
2012/08/17,13,894,257,,,,,
2012/08/17,14,914,264,,,,,
2012/08/17,15,956,267,,,,,
2012/08/17,16,830,252,,,,,
2012/08/17,17,818,239,,,,,
2012/08/17,18,792,236,,,,,
2012/08/17,19,920,231,,,,,
2012/08/17,20,878,227,,,,,
2012/08/17,21,476,123,,,,,
2012/08/17,22,286,77,,,,,
2012/08/17,23,254,60,,,,,
2012/08/17,24,168,33,,,,,
2012/08/18,01,106,9,,,,,
2012/08/18,02,34,5,,,,,
2012/08/18,03,34,3,,,,,
2012/08/18,04,32,3,,,,,
2012/08/18,05,34,3,,,,,
2012/08/18,06,32,5,,,,,
2012/08/18,07,34,5,,,,,
2012/08/18,08,34,5,,,,,
2012/08/18,09,66,12,,,,,
2012/08/18,10,494,158,,,,,
2012/08/18,11,862,221,,,,,
2012/08/18,12,738,206,,,,,
2012/08/18,13,822,200,,,,,
2012/08/18,14,898,224,,,,,
2012/08/18,15,932,252,,,,,
2012/08/18,16,838,261,,,,,
2012/08/18,17,964,261,,,,,
2012/08/18,18,864,249,,,,,
2012/08/18,19,908,245,,,,,
2012/08/18,20,874,233,,,,,
2012/08/18,21,322,57,,,,,
2012/08/18,22,104,11,,,,,
2012/08/18,23,32,5,,,,,
2012/08/18,24,34,3,,,,,
2012/08/19,01,30,3,,,,,
2012/08/19,02,32,3,,,,,
2012/08/19,03,32,3,,,,,
2012/08/19,04,30,5,,,,,
2012/08/19,05,30,5,,,,,
2012/08/19,06,32,3,,,,,
2012/08/19,07,30,5,,,,,
2012/08/19,08,44,8,,,,,
2012/08/19,09,178,12,,,,,
2012/08/19,10,548,138,,,,,
2012/08/19,11,918,263,,,,,
2012/08/19,12,876,257,,,,,
2012/08/19,13,774,236,,,,,
2012/08/19,14,852,243,,,,,
2012/08/19,15,920,245,,,,,
2012/08/19,16,894,245,,,,,
2012/08/19,17,844,240,,,,,
2012/08/19,18,850,236,,,,,
2012/08/19,19,900,224,,,,,
2012/08/19,20,716,144,,,,,
2012/08/19,21,648,87,,,,,
2012/08/19,22,408,41,,,,,
2012/08/19,23,190,9,,,,,
2012/08/19,24,42,3,,,,,
2012/08/20,01,30,3,,,,,
2012/08/20,02,30,3,,,,,
2012/08/20,03,30,3,,,,,
2012/08/20,04,32,3,,,,,
2012/08/20,05,34,5,,,,,
2012/08/20,06,34,5,,,,,
2012/08/20,07,32,3,,,,,
2012/08/20,08,32,5,,,,,
2012/08/20,09,146,11,,,,,
2012/08/20,10,640,182,,,,,
2012/08/20,11,784,240,,,,,
2012/08/20,12,826,236,,,,,
2012/08/20,13,840,248,,,,,
2012/08/20,14,864,252,,,,,
2012/08/20,15,780,243,,,,,
2012/08/20,16,782,245,,,,,
2012/08/20,17,778,245,,,,,
2012/08/20,18,896,236,,,,,
2012/08/20,19,826,222,,,,,
2012/08/20,20,742,161,,,,,
2012/08/20,21,404,59,,,,,
2012/08/20,22,198,11,,,,,
2012/08/20,23,120,5,,,,,
2012/08/20,24,34,5,,,,,
2012/08/21,01,32,3,,,,,
2012/08/21,02,30,3,,,,,
2012/08/21,03,30,3,,,,,
2012/08/21,04,30,5,,,,,
2012/08/21,05,30,5,,,,,
2012/08/21,06,30,3,,,,,
2012/08/21,07,32,5,,,,,
2012/08/21,08,34,5,,,,,
2012/08/21,09,52,9,,,,,
2012/08/21,10,564,194,,,,,
2012/08/21,11,910,239,,,,,
2012/08/21,12,904,248,,,,,
2012/08/21,13,834,249,,,,,
2012/08/21,14,824,251,,,,,
2012/08/21,15,870,243,,,,,
2012/08/21,16,882,249,,,,,
2012/08/21,17,820,243,,,,,
2012/08/21,18,814,240,,,,,
2012/08/21,19,808,236,,,,,
2012/08/21,20,924,230,,,,,
2012/08/21,21,594,170,,,,,
2012/08/21,22,360,125,,,,,
2012/08/21,23,60,20,,,,,
2012/08/21,24,36,3,,,,,
2012/08/22,01,34,5,,,,,
2012/08/22,02,34,5,,,,,
2012/08/22,03,36,3,,,,,
2012/08/22,04,32,3,,,,,
2012/08/22,05,36,3,,,,,
2012/08/22,06,34,3,,,,,
2012/08/22,07,34,3,,,,,
2012/08/22,08,46,9,,,,,
2012/08/22,09,236,138,,,,,
2012/08/22,10,414,164,,,,,
2012/08/22,11,864,266,,,,,
2012/08/22,12,862,264,,,,,
2012/08/22,13,904,264,,,,,
2012/08/22,14,820,267,,,,,
2012/08/22,15,926,282,,,,,
2012/08/22,16,856,267,,,,,
2012/08/22,17,892,264,,,,,
2012/08/22,18,814,252,,,,,
2012/08/22,19,816,248,,,,,
2012/08/22,20,958,239,,,,,
2012/08/22,21,708,186,,,,,
2012/08/22,22,604,153,,,,,
2012/08/22,23,544,152,,,,,
2012/08/22,24,490,150,,,,,
2012/08/23,01,134,35,,,,,
2012/08/23,02,30,3,,,,,
2012/08/23,03,28,3,,,,,
2012/08/23,04,34,5,,,,,
2012/08/23,05,34,3,,,,,
2012/08/23,06,32,3,,,,,
2012/08/23,07,34,5,,,,,
2012/08/23,08,34,5,,,,,
2012/08/23,09,54,11,,,,,
2012/08/23,10,444,168,,,,,
2012/08/23,11,902,251,,,,,
2012/08/23,12,866,252,,,,,
2012/08/23,13,866,254,,,,,
2012/08/23,14,870,249,,,,,
2012/08/23,15,860,252,,,,,
2012/08/23,16,812,254,,,,,
2012/08/23,17,824,251,,,,,
2012/08/23,18,886,245,,,,,
2012/08/23,19,940,233,,,,,
2012/08/23,20,920,222,,,,,
2012/08/23,21,480,125,,,,,
2012/08/23,22,248,89,,,,,
2012/08/23,23,220,81,,,,,
2012/08/23,24,204,72,,,,,
2012/08/24,01,120,44,,,,,
2012/08/24,02,32,3,,,,,
2012/08/24,03,28,3,,,,,
2012/08/24,04,30,5,,,,,
2012/08/24,05,30,3,,,,,
2012/08/24,06,32,5,,,,,
2012/08/24,07,28,3,,,,,
2012/08/24,08,30,3,,,,,
2012/08/24,09,196,95,,,,,
2012/08/24,10,692,191,,,,,
2012/08/24,11,812,243,,,,,
2012/08/24,12,826,240,,,,,
2012/08/24,13,902,240,,,,,
2012/08/24,14,830,252,,,,,
2012/08/24,15,932,255,,,,,
2012/08/24,16,828,258,,,,,
2012/08/24,17,812,252,,,,,
2012/08/24,18,898,242,,,,,
2012/08/24,19,790,231,,,,,
2012/08/24,20,894,222,,,,,
2012/08/24,21,752,210,,,,,
2012/08/24,22,722,195,,,,,
2012/08/24,23,470,119,,,,,
2012/08/24,24,150,9,,,,,
2012/08/25,01,38,6,,,,,
2012/08/25,02,28,3,,,,,
2012/08/25,03,28,5,,,,,
2012/08/25,04,32,3,,,,,
2012/08/25,05,30,3,,,,,
2012/08/25,06,30,5,,,,,
2012/08/25,07,30,3,,,,,
2012/08/25,08,30,5,,,,,
2012/08/25,09,82,26,,,,,
2012/08/25,10,630,191,,,,,
2012/08/25,11,926,242,,,,,
2012/08/25,12,874,254,,,,,
2012/08/25,13,806,257,,,,,
2012/08/25,14,952,263,,,,,
2012/08/25,15,832,260,,,,,
2012/08/25,16,928,249,,,,,
2012/08/25,17,816,255,,,,,
2012/08/25,18,786,246,,,,,
2012/08/25,19,952,240,,,,,
2012/08/25,20,836,189,,,,,
2012/08/25,21,496,99,,,,,
2012/08/25,22,382,96,,,,,
2012/08/25,23,168,18,,,,,
2012/08/25,24,32,3,,,,,
2012/08/26,01,30,3,,,,,
2012/08/26,02,28,5,,,,,
2012/08/26,03,32,3,,,,,
2012/08/26,04,30,3,,,,,
2012/08/26,05,28,5,,,,,
2012/08/26,06,28,3,,,,,
2012/08/26,07,28,3,,,,,
2012/08/26,08,48,15,,,,,
2012/08/26,09,94,27,,,,,
2012/08/26,10,330,96,,,,,
2012/08/26,11,860,243,,,,,
2012/08/26,12,824,242,,,,,
2012/08/26,13,854,258,,,,,
2012/08/26,14,946,254,,,,,
2012/08/26,15,950,263,,,,,
2012/08/26,16,832,272,,,,,
2012/08/26,17,968,281,,,,,
2012/08/26,18,898,260,,,,,
2012/08/26,19,910,251,,,,,
2012/08/26,20,832,176,,,,,
2012/08/26,21,522,104,,,,,
2012/08/26,22,422,83,,,,,
2012/08/26,23,238,12,,,,,
2012/08/26,24,80,8,,,,,
2012/08/27,01,28,5,,,,,
2012/08/27,02,28,3,,,,,
2012/08/27,03,32,5,,,,,
2012/08/27,04,30,3,,,,,
2012/08/27,05,30,3,,,,,
2012/08/27,06,28,5,,,,,
2012/08/27,07,32,3,,,,,
2012/08/27,08,38,8,,,,,
2012/08/27,09,102,42,,,,,
2012/08/27,10,512,138,,,,,
2012/08/27,11,858,257,,,,,
2012/08/27,12,894,246,,,,,
2012/08/27,13,888,245,,,,,
2012/08/27,14,796,251,,,,,
2012/08/27,15,928,252,,,,,
2012/08/27,16,850,249,,,,,
2012/08/27,17,808,248,,,,,
2012/08/27,18,854,237,,,,,
2012/08/27,19,822,230,,,,,
2012/08/27,20,852,227,,,,,
2012/08/27,21,692,201,,,,,
2012/08/27,22,274,62,,,,,
2012/08/27,23,162,9,,,,,
2012/08/27,24,32,3,,,,,
2012/08/28,01,36,5,,,,,
2012/08/28,02,34,5,,,,,
2012/08/28,03,30,3,,,,,
2012/08/28,04,34,3,,,,,
2012/08/28,05,32,5,,,,,
2012/08/28,06,78,30,,,,,
2012/08/28,07,142,56,,,,,
2012/08/28,08,196,99,,,,,
2012/08/28,09,582,167,,,,,
2012/08/28,10,756,209,,,,,
2012/08/28,11,766,215,,,,,
2012/08/28,12,742,218,,,,,
2012/08/28,13,776,224,,,,,
2012/08/28,14,732,219,,,,,
2012/08/28,15,784,215,,,,,
2012/08/28,16,712,219,,,,,
2012/08/28,17,680,224,,,,,
2012/08/28,18,764,210,,,,,
2012/08/28,19,644,194,,,,,
2012/08/28,20,618,189,,,,,
2012/08/28,21,444,117,,,,,
2012/08/28,22,88,20,,,,,
2012/08/28,23,32,5,,,,,
2012/08/28,24,28,3,,,,,
2012/08/29,01,28,5,,,,,
2012/08/29,02,28,3,,,,,
2012/08/29,03,28,3,,,,,
2012/08/29,04,32,5,,,,,
2012/08/29,05,30,3,,,,,
2012/08/29,06,28,3,,,,,
2012/08/29,07,30,5,,,,,
2012/08/29,08,30,3,,,,,
2012/08/29,09,188,95,,,,,
2012/08/29,10,472,158,,,,,
2012/08/29,11,888,252,,,,,
2012/08/29,12,874,255,,,,,
2012/08/29,13,826,252,,,,,
2012/08/29,14,790,254,,,,,
2012/08/29,15,860,252,,,,,
2012/08/29,16,810,261,,,,,
2012/08/29,17,890,254,,,,,
2012/08/29,18,796,242,,,,,
2012/08/29,19,774,227,,,,,
2012/08/29,20,912,221,,,,,
2012/08/29,21,590,119,,,,,
2012/08/29,22,248,12,,,,,
2012/08/29,23,206,11,,,,,
2012/08/29,24,68,6,,,,,
2012/08/30,01,28,5,,,,,
2012/08/30,02,30,3,,,,,
2012/08/30,03,30,5,,,,,
2012/08/30,04,28,3,,,,,
2012/08/30,05,32,3,,,,,
2012/08/30,06,32,5,,,,,
2012/08/30,07,32,5,,,,,
2012/08/30,08,30,5,,,,,
2012/08/30,09,52,11,,,,,
2012/08/30,10,544,186,,,,,
2012/08/30,11,856,246,,,,,
2012/08/30,12,802,264,,,,,
2012/08/30,13,958,269,,,,,
2012/08/30,14,964,272,,,,,
2012/08/30,15,836,273,,,,,
2012/08/30,16,906,272,,,,,
2012/08/30,17,904,261,,,,,
2012/08/30,18,856,249,,,,,
2012/08/30,19,940,242,,,,,
2012/08/30,20,862,231,,,,,
2012/08/30,21,656,138,,,,,
2012/08/30,22,320,87,,,,,
2012/08/30,23,230,77,,,,,
2012/08/30,24,244,80,,,,,
2012/08/31,01,88,33,,,,,
2012/08/31,02,30,5,,,,,
2012/08/31,03,32,3,,,,,
2012/08/31,04,30,3,,,,,
2012/08/31,05,32,3,,,,,
2012/08/31,06,32,3,,,,,
2012/08/31,07,28,5,,,,,
2012/08/31,08,32,5,,,,,
2012/08/31,09,64,21,,,,,
2012/08/31,10,530,179,,,,,
2012/08/31,11,802,224,,,,,
2012/08/31,12,794,228,,,,,
2012/08/31,13,782,236,,,,,
2012/08/31,14,882,242,,,,,
2012/08/31,15,848,239,,,,,
2012/08/31,16,834,237,,,,,
2012/08/31,17,864,237,,,,,
2012/08/31,18,878,224,,,,,
2012/08/31,19,908,215,,,,,
2012/08/31,20,894,212,,,,,
2012/08/31,21,794,195,,,,,
2012/08/31,22,116,18,,,,,
2012/08/31,23,88,11,,,,,
2012/08/31,24,66,9,,,,,
2012/09/01,01,184,99,,,,,
2012/09/01,02,180,99,,,,,
2012/09/01,03,192,89,,,,,
2012/09/01,04,182,86,,,,,
2012/09/01,05,128,57,,,,,
2012/09/01,06,30,3,,,,,
2012/09/01,07,30,3,,,,,
2012/09/01,08,28,5,,,,,
2012/09/01,09,92,26,,,,,
2012/09/01,10,456,156,,,,,
2012/09/01,11,724,204,,,,,
2012/09/01,12,836,191,,,,,
2012/09/01,13,836,207,,,,,
2012/09/01,14,884,222,,,,,
2012/09/01,15,844,225,,,,,
2012/09/01,16,768,221,,,,,
2012/09/01,17,868,207,,,,,
2012/09/01,18,750,201,,,,,
2012/09/01,19,794,194,,,,,
2012/09/01,20,836,192,,,,,
2012/09/01,21,390,69,,,,,
2012/09/01,22,42,5,,,,,
2012/09/01,23,28,3,,,,,
2012/09/01,24,30,3,,,,,
2012/09/02,01,28,3,,,,,
2012/09/02,02,30,3,,,,,
2012/09/02,03,30,3,,,,,
2012/09/02,04,30,3,,,,,
2012/09/02,05,30,3,,,,,
2012/09/02,06,28,3,,,,,
2012/09/02,07,30,5,,,,,
2012/09/02,08,36,5,,,,,
2012/09/02,09,80,30,,,,,
2012/09/02,10,566,167,,,,,
2012/09/02,11,854,203,,,,,
2012/09/02,12,788,200,,,,,
2012/09/02,13,824,200,,,,,
2012/09/02,14,876,212,,,,,
2012/09/02,15,808,203,,,,,
2012/09/02,16,764,207,,,,,
2012/09/02,17,864,210,,,,,
2012/09/02,18,770,203,,,,,
2012/09/02,19,740,188,,,,,
2012/09/02,20,792,180,,,,,
2012/09/02,21,374,63,,,,,
2012/09/02,22,68,8,,,,,
2012/09/02,23,62,8,,,,,
2012/09/02,24,36,5,,,,,
2012/09/03,01,28,3,,,,,
2012/09/03,02,32,3,,,,,
2012/09/03,03,30,3,,,,,
2012/09/03,04,28,3,,,,,
2012/09/03,05,28,3,,,,,
2012/09/03,06,30,3,,,,,
2012/09/03,07,28,3,,,,,
2012/09/03,08,30,5,,,,,
2012/09/03,09,70,27,,,,,
2012/09/03,10,348,125,,,,,
2012/09/03,11,670,153,,,,,
2012/09/03,12,766,177,,,,,
2012/09/03,13,748,176,,,,,
2012/09/03,14,766,179,,,,,
2012/09/03,15,786,183,,,,,
2012/09/03,16,742,186,,,,,
2012/09/03,17,770,182,,,,,
2012/09/03,18,750,174,,,,,
2012/09/03,19,766,167,,,,,
2012/09/03,20,656,125,,,,,
2012/09/03,21,344,50,,,,,
2012/09/03,22,68,8,,,,,
2012/09/03,23,48,8,,,,,
2012/09/03,24,30,5,,,,,
2012/09/04,01,28,5,,,,,
2012/09/04,02,28,3,,,,,
2012/09/04,03,26,3,,,,,
2012/09/04,04,28,5,,,,,
2012/09/04,05,26,3,,,,,
2012/09/04,06,30,5,,,,,
2012/09/04,07,26,3,,,,,
2012/09/04,08,26,3,,,,,
2012/09/04,09,80,27,,,,,
2012/09/04,10,372,120,,,,,
2012/09/04,11,734,176,,,,,
2012/09/04,12,862,213,,,,,
2012/09/04,13,854,213,,,,,
2012/09/04,14,826,222,,,,,
2012/09/04,15,892,222,,,,,
2012/09/04,16,790,215,,,,,
2012/09/04,17,760,210,,,,,
2012/09/04,18,816,207,,,,,
2012/09/04,19,732,177,,,,,
2012/09/04,20,826,177,,,,,
2012/09/04,21,532,135,,,,,
2012/09/04,22,106,38,,,,,
2012/09/04,23,28,3,,,,,
2012/09/04,24,30,5,,,,,
2012/09/05,01,30,3,,,,,
2012/09/05,02,28,3,,,,,
2012/09/05,03,30,3,,,,,
2012/09/05,04,30,3,,,,,
2012/09/05,05,30,5,,,,,
2012/09/05,06,28,3,,,,,
2012/09/05,07,26,3,,,,,
2012/09/05,08,28,5,,,,,
2012/09/05,09,74,20,,,,,
2012/09/05,10,562,150,,,,,
2012/09/05,11,770,192,,,,,
2012/09/05,12,718,203,,,,,
2012/09/05,13,768,218,,,,,
2012/09/05,14,794,171,,,,,
2012/09/05,15,678,177,,,,,
2012/09/05,16,782,171,,,,,
2012/09/05,17,764,210,,,,,
2012/09/05,18,758,206,,,,,
2012/09/05,19,846,200,,,,,
2012/09/05,20,688,107,,,,,
2012/09/05,21,322,27,,,,,
2012/09/05,22,152,9,,,,,
2012/09/05,23,96,8,,,,,
2012/09/05,24,34,3,,,,,
2012/09/06,01,36,3,,,,,
2012/09/06,02,32,3,,,,,
2012/09/06,03,34,3,,,,,
2012/09/06,04,34,3,,,,,
2012/09/06,05,34,3,,,,,
2012/09/06,06,34,3,,,,,
2012/09/06,07,32,3,,,,,
2012/09/06,08,36,3,,,,,
2012/09/06,09,190,99,,,,,
2012/09/06,10,374,143,,,,,
2012/09/06,11,794,212,,,,,
2012/09/06,12,786,221,,,,,
2012/09/06,13,822,224,,,,,
2012/09/06,14,814,234,,,,,
2012/09/06,15,824,222,,,,,
2012/09/06,16,862,212,,,,,
2012/09/06,17,822,188,,,,,
2012/09/06,18,754,177,,,,,
2012/09/06,19,800,177,,,,,
2012/09/06,20,708,170,,,,,
2012/09/06,21,594,149,,,,,
2012/09/06,22,256,89,,,,,
2012/09/06,23,60,17,,,,,
2012/09/06,24,36,3,,,,,
2012/09/07,01,36,3,,,,,
2012/09/07,02,32,3,,,,,
2012/09/07,03,32,3,,,,,
2012/09/07,04,32,3,,,,,
2012/09/07,05,34,3,,,,,
2012/09/07,06,32,3,,,,,
2012/09/07,07,32,5,,,,,
2012/09/07,08,32,3,,,,,
2012/09/07,09,204,93,,,,,
2012/09/07,10,386,122,,,,,
2012/09/07,11,740,210,,,,,
2012/09/07,12,794,219,,,,,
2012/09/07,13,790,218,,,,,
2012/09/07,14,794,219,,,,,
2012/09/07,15,756,204,,,,,
2012/09/07,16,792,206,,,,,
2012/09/07,17,732,203,,,,,
2012/09/07,18,706,195,,,,,
2012/09/07,19,756,188,,,,,
2012/09/07,20,838,189,,,,,
2012/09/07,21,634,159,,,,,
2012/09/07,22,430,110,,,,,
2012/09/07,23,314,93,,,,,
2012/09/07,24,280,89,,,,,
2012/09/08,01,164,47,,,,,
2012/09/08,02,30,3,,,,,
2012/09/08,03,30,3,,,,,
2012/09/08,04,26,3,,,,,
2012/09/08,05,28,3,,,,,
2012/09/08,06,32,3,,,,,
2012/09/08,07,28,3,,,,,
2012/09/08,08,30,6,,,,,
2012/09/08,09,78,24,,,,,
2012/09/08,10,442,150,,,,,
2012/09/08,11,744,182,,,,,
2012/09/08,12,844,198,,,,,
2012/09/08,13,726,203,,,,,
2012/09/08,14,816,218,,,,,
2012/09/08,15,836,225,,,,,
2012/09/08,16,784,233,,,,,
2012/09/08,17,838,225,,,,,
2012/09/08,18,820,210,,,,,
2012/09/08,19,814,204,,,,,
2012/09/08,20,816,176,,,,,
2012/09/08,21,414,72,,,,,
2012/09/08,22,52,6,,,,,
2012/09/08,23,30,3,,,,,
2012/09/08,24,26,3,,,,,
2012/09/09,01,28,3,,,,,
2012/09/09,02,26,3,,,,,
2012/09/09,03,28,3,,,,,
2012/09/09,04,32,3,,,,,
2012/09/09,05,26,5,,,,,
2012/09/09,06,28,3,,,,,
2012/09/09,07,28,3,,,,,
2012/09/09,08,32,5,,,,,
2012/09/09,09,188,90,,,,,
2012/09/09,10,392,108,,,,,
2012/09/09,11,822,246,,,,,
2012/09/09,12,906,246,,,,,
2012/09/09,13,790,242,,,,,
2012/09/09,14,870,252,,,,,
2012/09/09,15,874,257,,,,,
2012/09/09,16,890,251,,,,,
2012/09/09,17,826,240,,,,,
2012/09/09,18,920,239,,,,,
2012/09/09,19,856,227,,,,,
2012/09/09,20,910,222,,,,,
2012/09/09,21,786,212,,,,,
2012/09/09,22,428,138,,,,,
2012/09/09,23,96,26,,,,,
2012/09/09,24,32,3,,,,,
2012/09/10,01,30,3,,,,,
2012/09/10,02,28,3,,,,,
2012/09/10,03,30,3,,,,,
2012/09/10,04,32,5,,,,,
2012/09/10,05,28,3,,,,,
2012/09/10,06,30,3,,,,,
2012/09/10,07,30,3,,,,,
2012/09/10,08,30,5,,,,,
2012/09/10,09,74,11,,,,,
2012/09/10,10,504,161,,,,,
2012/09/10,11,826,218,,,,,
2012/09/10,12,816,230,,,,,
2012/09/10,13,780,231,,,,,
2012/09/10,14,800,234,,,,,
2012/09/10,15,850,233,,,,,
2012/09/10,16,878,237,,,,,
2012/09/10,17,894,230,,,,,
2012/09/10,18,828,228,,,,,
2012/09/10,19,870,212,,,,,
2012/09/10,20,836,209,,,,,
2012/09/10,21,514,93,,,,,
2012/09/10,22,186,45,,,,,
2012/09/10,23,30,3,,,,,
2012/09/10,24,30,3,,,,,
2012/09/11,01,26,3,,,,,
2012/09/11,02,32,3,,,,,
2012/09/11,03,32,3,,,,,
2012/09/11,04,28,3,,,,,
2012/09/11,05,26,3,,,,,
2012/09/11,06,28,3,,,,,
2012/09/11,07,32,5,,,,,
2012/09/11,08,30,5,,,,,
2012/09/11,09,66,20,,,,,
2012/09/11,10,444,162,,,,,
2012/09/11,11,828,216,,,,,
2012/09/11,12,856,215,,,,,
2012/09/11,13,834,228,,,,,
2012/09/11,14,896,234,,,,,
2012/09/11,15,772,246,,,,,
2012/09/11,16,802,234,,,,,
2012/09/11,17,850,228,,,,,
2012/09/11,18,852,222,,,,,
2012/09/11,19,754,206,,,,,
2012/09/11,20,888,200,,,,,
2012/09/11,21,810,206,,,,,
2012/09/11,22,686,188,,,,,
2012/09/11,23,742,179,,,,,
2012/09/11,24,594,150,,,,,
2012/09/12,01,462,104,,,,,
2012/09/12,02,412,99,,,,,
2012/09/12,03,98,11,,,,,
2012/09/12,04,52,3,,,,,
2012/09/12,05,56,3,,,,,
2012/09/12,06,50,3,,,,,
2012/09/12,07,54,5,,,,,
2012/09/12,08,50,5,,,,,
2012/09/12,09,138,48,,,,,
2012/09/12,10,486,144,,,,,
2012/09/12,11,816,183,,,,,
2012/09/12,12,772,192,,,,,
2012/09/12,13,796,198,,,,,
2012/09/12,14,738,209,,,,,
2012/09/12,15,754,218,,,,,
2012/09/12,16,872,215,,,,,
2012/09/12,17,810,210,,,,,
2012/09/12,18,772,200,,,,,
2012/09/12,19,840,197,,,,,
2012/09/12,20,848,185,,,,,
2012/09/12,21,234,38,,,,,
2012/09/12,22,72,8,,,,,
2012/09/12,23,68,8,,,,,
2012/09/12,24,56,8,,,,,
2012/09/13,01,30,5,,,,,
2012/09/13,02,30,3,,,,,
2012/09/13,03,30,3,,,,,
2012/09/13,04,32,3,,,,,
2012/09/13,05,32,3,,,,,
2012/09/13,06,32,3,,,,,
2012/09/13,07,32,5,,,,,
2012/09/13,08,32,3,,,,,
2012/09/13,09,94,17,,,,,
2012/09/13,10,426,138,,,,,
2012/09/13,11,790,234,,,,,
2012/09/13,12,880,228,,,,,
2012/09/13,13,876,239,,,,,
2012/09/13,14,856,249,,,,,
2012/09/13,15,816,249,,,,,
2012/09/13,16,912,240,,,,,
2012/09/13,17,772,237,,,,,
2012/09/13,18,756,224,,,,,
2012/09/13,19,844,212,,,,,
2012/09/13,20,808,209,,,,,
2012/09/13,21,576,171,,,,,
2012/09/13,22,234,72,,,,,
2012/09/13,23,158,68,,,,,
2012/09/13,24,134,56,,,,,
2012/09/14,01,110,42,,,,,
2012/09/14,02,32,3,,,,,
2012/09/14,03,32,5,,,,,
2012/09/14,04,30,3,,,,,
2012/09/14,05,30,3,,,,,
2012/09/14,06,30,5,,,,,
2012/09/14,07,30,3,,,,,
2012/09/14,08,30,3,,,,,
2012/09/14,09,158,45,,,,,
2012/09/14,10,598,207,,,,,
2012/09/14,11,772,212,,,,,
2012/09/14,12,846,228,,,,,
2012/09/14,13,870,233,,,,,
2012/09/14,14,756,234,,,,,
2012/09/14,15,850,231,,,,,
2012/09/14,16,778,239,,,,,
2012/09/14,17,790,228,,,,,
2012/09/14,18,754,215,,,,,
2012/09/14,19,784,204,,,,,
2012/09/14,20,894,210,,,,,
2012/09/14,21,768,200,,,,,
2012/09/14,22,440,125,,,,,
2012/09/14,23,436,111,,,,,
2012/09/14,24,72,29,,,,,
2012/09/15,01,30,3,,,,,
2012/09/15,02,26,3,,,,,
2012/09/15,03,26,3,,,,,
2012/09/15,04,28,3,,,,,
2012/09/15,05,26,3,,,,,
2012/09/15,06,26,5,,,,,
2012/09/15,07,28,3,,,,,
2012/09/15,08,26,3,,,,,
2012/09/15,09,98,17,,,,,
2012/09/15,10,494,162,,,,,
2012/09/15,11,816,222,,,,,
2012/09/15,12,830,227,,,,,
2012/09/15,13,802,239,,,,,
2012/09/15,14,876,233,,,,,
2012/09/15,15,848,234,,,,,
2012/09/15,16,844,236,,,,,
2012/09/15,17,842,239,,,,,
2012/09/15,18,778,216,,,,,
2012/09/15,19,774,215,,,,,
2012/09/15,20,892,206,,,,,
2012/09/15,21,568,192,,,,,
2012/09/15,22,110,33,,,,,
2012/09/15,23,36,5,,,,,
2012/09/15,24,32,3,,,,,
2012/09/16,01,32,3,,,,,
2012/09/16,02,38,3,,,,,
2012/09/16,03,38,3,,,,,
2012/09/16,04,32,3,,,,,
2012/09/16,05,34,3,,,,,
2012/09/16,06,38,3,,,,,
2012/09/16,07,30,3,,,,,
2012/09/16,08,40,8,,,,,
2012/09/16,09,142,44,,,,,
2012/09/16,10,382,152,,,,,
2012/09/16,11,778,194,,,,,
2012/09/16,12,754,191,,,,,
2012/09/16,13,812,189,,,,,
2012/09/16,14,856,194,,,,,
2012/09/16,15,846,204,,,,,
2012/09/16,16,892,221,,,,,
2012/09/16,17,812,224,,,,,
2012/09/16,18,804,204,,,,,
2012/09/16,19,792,201,,,,,
2012/09/16,20,794,200,,,,,
2012/09/16,21,416,66,,,,,
2012/09/16,22,76,9,,,,,
2012/09/16,23,28,3,,,,,
2012/09/16,24,30,3,,,,,
2012/09/17,01,30,3,,,,,
2012/09/17,02,28,3,,,,,
2012/09/17,03,30,3,,,,,
2012/09/17,04,28,3,,,,,
2012/09/17,05,26,3,,,,,
2012/09/17,06,30,3,,,,,
2012/09/17,07,28,3,,,,,
2012/09/17,08,40,8,,,,,
2012/09/17,09,56,9,,,,,
2012/09/17,10,368,81,,,,,
2012/09/17,11,812,240,,,,,
2012/09/17,12,850,228,,,,,
2012/09/17,13,892,224,,,,,
2012/09/17,14,784,231,,,,,
2012/09/17,15,896,227,,,,,
2012/09/17,16,776,228,,,,,
2012/09/17,17,756,228,,,,,
2012/09/17,18,884,225,,,,,
2012/09/17,19,876,219,,,,,
2012/09/17,20,838,204,,,,,
2012/09/17,21,422,78,,,,,
2012/09/17,22,44,5,,,,,
2012/09/17,23,30,3,,,,,
2012/09/17,24,26,3,,,,,
2012/09/18,01,30,3,,,,,
2012/09/18,02,32,3,,,,,
2012/09/18,03,30,3,,,,,
2012/09/18,04,30,3,,,,,
2012/09/18,05,28,3,,,,,
2012/09/18,06,30,5,,,,,
2012/09/18,07,30,3,,,,,
2012/09/18,08,30,3,,,,,
2012/09/18,09,70,12,,,,,
2012/09/18,10,474,126,,,,,
2012/09/18,11,762,224,,,,,
2012/09/18,12,820,221,,,,,
2012/09/18,13,886,224,,,,,
2012/09/18,14,770,165,,,,,
2012/09/18,15,656,161,,,,,
2012/09/18,16,686,159,,,,,
2012/09/18,17,764,213,,,,,
2012/09/18,18,774,207,,,,,
2012/09/18,19,900,198,,,,,
2012/09/18,20,834,198,,,,,
2012/09/18,21,478,137,,,,,
2012/09/18,22,96,18,,,,,
2012/09/18,23,32,3,,,,,
2012/09/18,24,28,3,,,,,
2012/09/19,01,28,3,,,,,
2012/09/19,02,28,3,,,,,
2012/09/19,03,32,3,,,,,
2012/09/19,04,32,3,,,,,
2012/09/19,05,30,3,,,,,
2012/09/19,06,32,3,,,,,
2012/09/19,07,30,3,,,,,
2012/09/19,08,30,3,,,,,
2012/09/19,09,76,32,,,,,
2012/09/19,10,288,105,,,,,
2012/09/19,11,714,195,,,,,
2012/09/19,12,772,201,,,,,
2012/09/19,13,818,207,,,,,
2012/09/19,14,788,200,,,,,
2012/09/19,15,744,206,,,,,
2012/09/19,16,732,200,,,,,
2012/09/19,17,788,189,,,,,
2012/09/19,18,836,186,,,,,
2012/09/19,19,810,182,,,,,
2012/09/19,20,750,179,,,,,
2012/09/19,21,308,69,,,,,
2012/09/19,22,180,57,,,,,
2012/09/19,23,142,44,,,,,
2012/09/19,24,34,6,,,,,
2012/09/20,01,26,3,,,,,
2012/09/20,02,28,3,,,,,
2012/09/20,03,28,5,,,,,
2012/09/20,04,28,3,,,,,
2012/09/20,05,30,3,,,,,
2012/09/20,06,30,3,,,,,
2012/09/20,07,26,3,,,,,
2012/09/20,08,26,3,,,,,
2012/09/20,09,58,9,,,,,
2012/09/20,10,342,113,,,,,
2012/09/20,11,790,200,,,,,
2012/09/20,12,736,200,,,,,
2012/09/20,13,856,204,,,,,
2012/09/20,14,798,212,,,,,
2012/09/20,15,808,212,,,,,
2012/09/20,16,784,210,,,,,
2012/09/20,17,786,207,,,,,
2012/09/20,18,772,200,,,,,
2012/09/20,19,764,197,,,,,
2012/09/20,20,812,183,,,,,
2012/09/20,21,698,182,,,,,
2012/09/20,22,350,114,,,,,
2012/09/20,23,132,48,,,,,
2012/09/20,24,122,44,,,,,
2012/09/21,01,100,35,,,,,
2012/09/21,02,34,5,,,,,
2012/09/21,03,34,3,,,,,
2012/09/21,04,38,3,,,,,
2012/09/21,05,36,5,,,,,
2012/09/21,06,34,3,,,,,
2012/09/21,07,32,3,,,,,
2012/09/21,08,32,3,,,,,
2012/09/21,09,132,8,,,,,
2012/09/21,10,422,84,,,,,
2012/09/21,11,652,168,,,,,
2012/09/21,12,690,164,,,,,
2012/09/21,13,688,173,,,,,
2012/09/21,14,760,176,,,,,
2012/09/21,15,690,189,,,,,
2012/09/21,16,690,182,,,,,
2012/09/21,17,756,186,,,,,
2012/09/21,18,760,180,,,,,
2012/09/21,19,744,167,,,,,
2012/09/21,20,704,165,,,,,
2012/09/21,21,628,156,,,,,
2012/09/21,22,480,110,,,,,
2012/09/21,23,486,107,,,,,
2012/09/21,24,346,74,,,,,
2012/09/22,01,30,3,,,,,
2012/09/22,02,26,3,,,,,
2012/09/22,03,28,5,,,,,
2012/09/22,04,26,3,,,,,
2012/09/22,05,28,5,,,,,
2012/09/22,06,28,3,,,,,
2012/09/22,07,26,3,,,,,
2012/09/22,08,30,5,,,,,
2012/09/22,09,56,8,,,,,
2012/09/22,10,418,84,,,,,
2012/09/22,11,708,125,,,,,
2012/09/22,12,722,132,,,,,
2012/09/22,13,646,135,,,,,
2012/09/22,14,688,147,,,,,
2012/09/22,15,694,156,,,,,
2012/09/22,16,676,161,,,,,
2012/09/22,17,700,152,,,,,
2012/09/22,18,798,150,,,,,
2012/09/22,19,798,144,,,,,
2012/09/22,20,742,102,,,,,
2012/09/22,21,346,48,,,,,
2012/09/22,22,52,14,,,,,
2012/09/22,23,28,3,,,,,
2012/09/22,24,28,5,,,,,
2012/09/23,01,30,3,,,,,
2012/09/23,02,28,3,,,,,
2012/09/23,03,28,5,,,,,
2012/09/23,04,28,3,,,,,
2012/09/23,05,28,3,,,,,
2012/09/23,06,26,3,,,,,
2012/09/23,07,26,5,,,,,
2012/09/23,08,44,6,,,,,
2012/09/23,09,66,6,,,,,
2012/09/23,10,350,48,,,,,
2012/09/23,11,680,104,,,,,
2012/09/23,12,676,108,,,,,
2012/09/23,13,698,107,,,,,
2012/09/23,14,692,137,,,,,
2012/09/23,15,686,122,,,,,
2012/09/23,16,730,116,,,,,
2012/09/23,17,698,111,,,,,
2012/09/23,18,712,110,,,,,
2012/09/23,19,700,102,,,,,
2012/09/23,20,636,101,,,,,
2012/09/23,21,552,38,,,,,
2012/09/23,22,248,6,,,,,
2012/09/23,23,32,5,,,,,
2012/09/23,24,32,5,,,,,
2012/09/24,01,28,5,,,,,
2012/09/24,02,28,3,,,,,
2012/09/24,03,26,5,,,,,
2012/09/24,04,30,5,,,,,
2012/09/24,05,28,5,,,,,
2012/09/24,06,30,5,,,,,
2012/09/24,07,30,3,,,,,
2012/09/24,08,28,5,,,,,
2012/09/24,09,40,6,,,,,
2012/09/24,10,354,21,,,,,
2012/09/24,11,640,105,,,,,
2012/09/24,12,730,138,,,,,
2012/09/24,13,738,144,,,,,
2012/09/24,14,714,144,,,,,
2012/09/24,15,668,152,,,,,
2012/09/24,16,694,149,,,,,
2012/09/24,17,750,144,,,,,
2012/09/24,18,668,141,,,,,
2012/09/24,19,714,134,,,,,
2012/09/24,20,712,125,,,,,
2012/09/24,21,462,42,,,,,
2012/09/24,22,46,5,,,,,
2012/09/24,23,26,3,,,,,
2012/09/24,24,26,3,,,,,
2012/09/25,01,28,3,,,,,
2012/09/25,02,28,5,,,,,
2012/09/25,03,30,5,,,,,
2012/09/25,04,26,5,,,,,
2012/09/25,05,26,3,,,,,
2012/09/25,06,26,5,,,,,
2012/09/25,07,28,5,,,,,
2012/09/25,08,30,5,,,,,
2012/09/25,09,36,6,,,,,
2012/09/25,10,188,8,,,,,
2012/09/25,11,570,87,,,,,
2012/09/25,12,618,93,,,,,
2012/09/25,13,586,98,,,,,
2012/09/25,14,600,99,,,,,
2012/09/25,15,600,99,,,,,
2012/09/25,16,688,102,,,,,
2012/09/25,17,620,105,,,,,
2012/09/25,18,678,102,,,,,
2012/09/25,19,662,104,,,,,
2012/09/25,20,654,60,,,,,
2012/09/25,21,280,18,,,,,
2012/09/25,22,42,5,,,,,
2012/09/25,23,28,5,,,,,
2012/09/25,24,30,3,,,,,
2012/09/26,01,26,5,,,,,
2012/09/26,02,30,5,,,,,
2012/09/26,03,26,5,,,,,
2012/09/26,04,28,5,,,,,
2012/09/26,05,30,5,,,,,
2012/09/26,06,24,3,,,,,
2012/09/26,07,28,5,,,,,
2012/09/26,08,28,3,,,,,
2012/09/26,09,74,14,,,,,
2012/09/26,10,462,74,,,,,
2012/09/26,11,560,86,,,,,
2012/09/26,12,678,96,,,,,
2012/09/26,13,672,108,,,,,
2012/09/26,14,632,113,,,,,
2012/09/26,15,756,117,,,,,
2012/09/26,16,678,120,,,,,
2012/09/26,17,712,117,,,,,
2012/09/26,18,730,111,,,,,
2012/09/26,19,668,113,,,,,
2012/09/26,20,636,105,,,,,
2012/09/26,21,580,72,,,,,
2012/09/26,22,448,45,,,,,
2012/09/26,23,222,5,,,,,
2012/09/26,24,152,3,,,,,
2012/09/27,01,60,5,,,,,
2012/09/27,02,30,3,,,,,
2012/09/27,03,28,5,,,,,
2012/09/27,04,26,5,,,,,
2012/09/27,05,30,5,,,,,
2012/09/27,06,28,3,,,,,
2012/09/27,07,26,3,,,,,
2012/09/27,08,34,5,,,,,
2012/09/27,09,100,3,,,,,
2012/09/27,10,232,5,,,,,
2012/09/27,11,586,96,,,,,
2012/09/27,12,576,101,,,,,
2012/09/27,13,618,110,,,,,
2012/09/27,14,680,114,,,,,
2012/09/27,15,632,116,,,,,
2012/09/27,16,668,117,,,,,
2012/09/27,17,636,110,,,,,
2012/09/27,18,706,105,,,,,
2012/09/27,19,726,110,,,,,
2012/09/27,20,714,104,,,,,
2012/09/27,21,522,81,,,,,
2012/09/27,22,112,26,,,,,
2012/09/27,23,64,3,,,,,
2012/09/27,24,62,3,,,,,
2012/09/28,01,32,5,,,,,
2012/09/28,02,28,5,,,,,
2012/09/28,03,28,3,,,,,
2012/09/28,04,30,3,,,,,
2012/09/28,05,30,5,,,,,
2012/09/28,06,30,5,,,,,
2012/09/28,07,28,5,,,,,
2012/09/28,08,28,5,,,,,
2012/09/28,09,42,6,,,,,
2012/09/28,10,184,15,,,,,
2012/09/28,11,584,68,,,,,
2012/09/28,12,572,80,,,,,
2012/09/28,13,638,83,,,,,
2012/09/28,14,604,84,,,,,
2012/09/28,15,578,89,,,,,
2012/09/28,16,634,95,,,,,
2012/09/28,17,606,90,,,,,
2012/09/28,18,656,95,,,,,
2012/09/28,19,630,96,,,,,
2012/09/28,20,574,50,,,,,
2012/09/28,21,332,11,,,,,
2012/09/28,22,64,6,,,,,
2012/09/28,23,48,5,,,,,
2012/09/28,24,26,3,,,,,
2012/09/29,01,28,5,,,,,
2012/09/29,02,28,3,,,,,
2012/09/29,03,30,3,,,,,
2012/09/29,04,28,5,,,,,
2012/09/29,05,26,3,,,,,
2012/09/29,06,30,3,,,,,
2012/09/29,07,28,3,,,,,
2012/09/29,08,26,5,,,,,
2012/09/29,09,44,8,,,,,
2012/09/29,10,260,42,,,,,
2012/09/29,11,664,92,,,,,
2012/09/29,12,700,150,,,,,
2012/09/29,13,708,153,,,,,
2012/09/29,14,800,164,,,,,
2012/09/29,15,724,165,,,,,
2012/09/29,16,698,174,,,,,
2012/09/29,17,762,155,,,,,
2012/09/29,18,838,159,,,,,
2012/09/29,19,804,149,,,,,
2012/09/29,20,670,104,,,,,
2012/09/29,21,244,24,,,,,
2012/09/29,22,46,6,,,,,
2012/09/29,23,28,3,,,,,
2012/09/29,24,30,3,,,,,
2012/09/30,01,26,3,,,,,
2012/09/30,02,30,3,,,,,
2012/09/30,03,28,3,,,,,
2012/09/30,04,28,3,,,,,
2012/09/30,05,28,3,,,,,
2012/09/30,06,28,5,,,,,
2012/09/30,07,26,3,,,,,
2012/09/30,08,32,5,,,,,
2012/09/30,09,44,6,,,,,
2012/09/30,10,352,93,,,,,
2012/09/30,11,692,155,,,,,
2012/09/30,12,796,170,,,,,
2012/09/30,13,708,174,,,,,
2012/09/30,14,772,174,,,,,
2012/09/30,15,690,173,,,,,
2012/09/30,16,724,177,,,,,
2012/09/30,17,722,155,,,,,
2012/09/30,18,746,149,,,,,
2012/09/30,19,726,153,,,,,
2012/09/30,20,724,105,,,,,
2012/09/30,21,236,35,,,,,
2012/09/30,22,44,6,,,,,
2012/09/30,23,30,3,,,,,
2012/09/30,24,30,3,,,,,
2012/10/01,01,32,3,,,,,
2012/10/01,02,28,3,,,,,
2012/10/01,03,28,3,,,,,
2012/10/01,04,30,3,,,,,
2012/10/01,05,26,3,,,,,
2012/10/01,06,28,3,,,,,
2012/10/01,07,28,3,,,,,
2012/10/01,08,36,6,,,,,
2012/10/01,09,46,8,,,,,
2012/10/01,10,368,104,,,,,
2012/10/01,11,638,144,,,,,
2012/10/01,12,722,150,,,,,
2012/10/01,13,776,155,,,,,
2012/10/01,14,750,156,,,,,
2012/10/01,15,702,159,,,,,
2012/10/01,16,700,164,,,,,
2012/10/01,17,724,156,,,,,
2012/10/01,18,712,149,,,,,
2012/10/01,19,756,150,,,,,
2012/10/01,20,736,126,,,,,
2012/10/01,21,330,41,,,,,
2012/10/01,22,48,5,,,,,
2012/10/01,23,30,3,,,,,
2012/10/01,24,28,3,,,,,
2012/10/02,01,30,3,,,,,
2012/10/02,02,28,5,,,,,
2012/10/02,03,28,3,,,,,
2012/10/02,04,26,3,,,,,
2012/10/02,05,28,3,,,,,
2012/10/02,06,28,3,,,,,
2012/10/02,07,26,3,,,,,
2012/10/02,08,28,5,,,,,
2012/10/02,09,42,8,,,,,
2012/10/02,10,334,50,,,,,
2012/10/02,11,642,137,,,,,
2012/10/02,12,714,144,,,,,
2012/10/02,13,654,149,,,,,
2012/10/02,14,668,147,,,,,
2012/10/02,15,686,147,,,,,
2012/10/02,16,714,150,,,,,
2012/10/02,17,652,143,,,,,
2012/10/02,18,680,138,,,,,
2012/10/02,19,742,134,,,,,
2012/10/02,20,668,60,,,,,
2012/10/02,21,174,29,,,,,
2012/10/02,22,32,5,,,,,
2012/10/02,23,28,3,,,,,
2012/10/02,24,26,3,,,,,
2012/10/03,01,26,3,,,,,
2012/10/03,02,28,3,,,,,
2012/10/03,03,28,3,,,,,
2012/10/03,04,26,3,,,,,
2012/10/03,05,26,3,,,,,
2012/10/03,06,28,3,,,,,
2012/10/03,07,28,5,,,,,
2012/10/03,08,30,5,,,,,
2012/10/03,09,76,6,,,,,
2012/10/03,10,362,71,,,,,
2012/10/03,11,632,113,,,,,
2012/10/03,12,652,113,,,,,
2012/10/03,13,656,110,,,,,
2012/10/03,14,684,117,,,,,
2012/10/03,15,714,114,,,,,
2012/10/03,16,652,110,,,,,
2012/10/03,17,644,113,,,,,
2012/10/03,18,744,111,,,,,
2012/10/03,19,714,111,,,,,
2012/10/03,20,646,110,,,,,
2012/10/03,21,256,66,,,,,
2012/10/03,22,104,38,,,,,
2012/10/03,23,94,33,,,,,
2012/10/03,24,60,18,,,,,
2012/10/04,01,28,5,,,,,
2012/10/04,02,26,5,,,,,
2012/10/04,03,28,5,,,,,
2012/10/04,04,26,3,,,,,
2012/10/04,05,26,5,,,,,
2012/10/04,06,30,5,,,,,
2012/10/04,07,30,5,,,,,
2012/10/04,08,32,5,,,,,
2012/10/04,09,82,6,,,,,
2012/10/04,10,216,27,,,,,
2012/10/04,11,604,80,,,,,
2012/10/04,12,622,105,,,,,
2012/10/04,13,640,114,,,,,
2012/10/04,14,732,125,,,,,
2012/10/04,15,682,128,,,,,
2012/10/04,16,714,128,,,,,
2012/10/04,17,640,126,,,,,
2012/10/04,18,664,117,,,,,
2012/10/04,19,714,117,,,,,
2012/10/04,20,704,125,,,,,
2012/10/04,21,298,54,,,,,
2012/10/04,22,44,5,,,,,
2012/10/04,23,26,3,,,,,
2012/10/04,24,30,3,,,,,
2012/10/05,01,32,3,,,,,
2012/10/05,02,30,3,,,,,
2012/10/05,03,30,5,,,,,
2012/10/05,04,30,3,,,,,
2012/10/05,05,30,3,,,,,
2012/10/05,06,30,5,,,,,
2012/10/05,07,32,5,,,,,
2012/10/05,08,30,3,,,,,
2012/10/05,09,40,5,,,,,
2012/10/05,10,414,51,,,,,
2012/10/05,11,610,95,,,,,
2012/10/05,12,592,96,,,,,
2012/10/05,13,616,119,,,,,
2012/10/05,14,722,165,,,,,
2012/10/05,15,758,159,,,,,
2012/10/05,16,642,155,,,,,
2012/10/05,17,676,152,,,,,
2012/10/05,18,730,149,,,,,
2012/10/05,19,796,144,,,,,
2012/10/05,20,696,108,,,,,
2012/10/05,21,464,36,,,,,
2012/10/05,22,302,3,,,,,
2012/10/05,23,274,5,,,,,
2012/10/05,24,34,3,,,,,
2012/10/06,01,30,3,,,,,
2012/10/06,02,30,3,,,,,
2012/10/06,03,28,3,,,,,
2012/10/06,04,28,3,,,,,
2012/10/06,05,32,3,,,,,
2012/10/06,06,28,3,,,,,
2012/10/06,07,32,3,,,,,
2012/10/06,08,34,5,,,,,
2012/10/06,09,46,8,,,,,
2012/10/06,10,288,51,,,,,
2012/10/06,11,724,170,,,,,
2012/10/06,12,736,164,,,,,
2012/10/06,13,782,167,,,,,
2012/10/06,14,768,170,,,,,
2012/10/06,15,800,174,,,,,
2012/10/06,16,712,173,,,,,
2012/10/06,17,750,168,,,,,
2012/10/06,18,770,164,,,,,
2012/10/06,19,706,164,,,,,
2012/10/06,20,818,152,,,,,
2012/10/06,21,288,33,,,,,
2012/10/06,22,32,5,,,,,
2012/10/06,23,26,3,,,,,
2012/10/06,24,28,3,,,,,
2012/10/07,01,30,5,,,,,
2012/10/07,02,26,3,,,,,
2012/10/07,03,28,5,,,,,
2012/10/07,04,28,5,,,,,
2012/10/07,05,28,5,,,,,
2012/10/07,06,28,3,,,,,
2012/10/07,07,28,5,,,,,
2012/10/07,08,30,5,,,,,
2012/10/07,09,42,6,,,,,
2012/10/07,10,344,14,,,,,
2012/10/07,11,626,111,,,,,
2012/10/07,12,626,108,,,,,
2012/10/07,13,564,89,,,,,
2012/10/07,14,620,93,,,,,
2012/10/07,15,594,102,,,,,
2012/10/07,16,682,104,,,,,
2012/10/07,17,674,104,,,,,
2012/10/07,18,678,101,,,,,
2012/10/07,19,614,84,,,,,
2012/10/07,20,618,69,,,,,
2012/10/07,21,344,18,,,,,
2012/10/07,22,76,3,,,,,
2012/10/07,23,32,5,,,,,
2012/10/07,24,28,5,,,,,
2012/10/08,01,26,5,,,,,
2012/10/08,02,30,3,,,,,
2012/10/08,03,28,5,,,,,
2012/10/08,04,30,5,,,,,
2012/10/08,05,26,3,,,,,
2012/10/08,06,28,5,,,,,
2012/10/08,07,32,5,,,,,
2012/10/08,08,32,5,,,,,
2012/10/08,09,40,5,,,,,
2012/10/08,10,236,15,,,,,
2012/10/08,11,512,63,,,,,
2012/10/08,12,550,72,,,,,
2012/10/08,13,546,78,,,,,
2012/10/08,14,630,89,,,,,
2012/10/08,15,602,90,,,,,
2012/10/08,16,626,98,,,,,
2012/10/08,17,584,93,,,,,
2012/10/08,18,692,95,,,,,
2012/10/08,19,572,75,,,,,
2012/10/08,20,546,27,,,,,
2012/10/08,21,344,6,,,,,
2012/10/08,22,108,6,,,,,
2012/10/08,23,100,5,,,,,
2012/10/08,24,78,5,,,,,
2012/10/09,01,28,5,,,,,
2012/10/09,02,28,3,,,,,
2012/10/09,03,28,5,,,,,
2012/10/09,04,26,3,,,,,
2012/10/09,05,30,3,,,,,
2012/10/09,06,26,5,,,,,
2012/10/09,07,26,5,,,,,
2012/10/09,08,28,5,,,,,
2012/10/09,09,44,6,,,,,
2012/10/09,10,218,8,,,,,
2012/10/09,11,472,41,,,,,
2012/10/09,12,526,51,,,,,
2012/10/09,13,534,59,,,,,
2012/10/09,14,570,59,,,,,
2012/10/09,15,548,72,,,,,
2012/10/09,16,558,78,,,,,
2012/10/09,17,588,81,,,,,
2012/10/09,18,560,75,,,,,
2012/10/09,19,580,72,,,,,
2012/10/09,20,616,57,,,,,
2012/10/09,21,390,63,,,,,
2012/10/09,22,306,57,,,,,
2012/10/09,23,298,53,,,,,
2012/10/09,24,318,51,,,,,
2012/10/10,01,284,47,,,,,
2012/10/10,02,138,36,,,,,
2012/10/10,03,56,27,,,,,
2012/10/10,04,58,24,,,,,
2012/10/10,05,54,21,,,,,
2012/10/10,06,50,21,,,,,
2012/10/10,07,48,21,,,,,
2012/10/10,08,50,21,,,,,
2012/10/10,09,72,20,,,,,
2012/10/10,10,384,39,,,,,
2012/10/10,11,474,48,,,,,
2012/10/10,12,500,50,,,,,
2012/10/10,13,528,54,,,,,
2012/10/10,14,558,59,,,,,
2012/10/10,15,590,62,,,,,
2012/10/10,16,588,72,,,,,
2012/10/10,17,596,77,,,,,
2012/10/10,18,630,75,,,,,
2012/10/10,19,552,78,,,,,
2012/10/10,20,646,77,,,,,
2012/10/10,21,340,21,,,,,
2012/10/10,22,106,6,,,,,
2012/10/10,23,68,5,,,,,
2012/10/10,24,54,5,,,,,
2012/10/11,01,52,5,,,,,
2012/10/11,02,28,5,,,,,
2012/10/11,03,30,5,,,,,
2012/10/11,04,30,3,,,,,
2012/10/11,05,28,5,,,,,
2012/10/11,06,28,5,,,,,
2012/10/11,07,28,3,,,,,
2012/10/11,08,32,5,,,,,
2012/10/11,09,36,5,,,,,
2012/10/11,10,164,12,,,,,
2012/10/11,11,558,56,,,,,
2012/10/11,12,548,69,,,,,
2012/10/11,13,624,77,,,,,
2012/10/11,14,580,84,,,,,
2012/10/11,15,650,92,,,,,
2012/10/11,16,596,102,,,,,
2012/10/11,17,564,90,,,,,
2012/10/11,18,676,86,,,,,
2012/10/11,19,668,87,,,,,
2012/10/11,20,566,54,,,,,
2012/10/11,21,284,20,,,,,
2012/10/11,22,34,5,,,,,
2012/10/11,23,26,3,,,,,
2012/10/11,24,28,3,,,,,
2012/10/12,01,26,5,,,,,
2012/10/12,02,28,3,,,,,
2012/10/12,03,26,5,,,,,
2012/10/12,04,26,5,,,,,
2012/10/12,05,28,5,,,,,
2012/10/12,06,26,5,,,,,
2012/10/12,07,28,3,,,,,
2012/10/12,08,28,5,,,,,
2012/10/12,09,52,12,,,,,
2012/10/12,10,360,53,,,,,
2012/10/12,11,532,69,,,,,
2012/10/12,12,550,75,,,,,
2012/10/12,13,580,80,,,,,
2012/10/12,14,570,84,,,,,
2012/10/12,15,616,83,,,,,
2012/10/12,16,566,84,,,,,
2012/10/12,17,534,81,,,,,
2012/10/12,18,612,80,,,,,
2012/10/12,19,564,78,,,,,
2012/10/12,20,650,77,,,,,
2012/10/12,21,436,12,,,,,
2012/10/12,22,250,6,,,,,
2012/10/12,23,78,3,,,,,
2012/10/12,24,46,5,,,,,
2012/10/13,01,44,5,,,,,
2012/10/13,02,30,5,,,,,
2012/10/13,03,30,3,,,,,
2012/10/13,04,28,5,,,,,
2012/10/13,05,32,3,,,,,
2012/10/13,06,28,5,,,,,
2012/10/13,07,32,5,,,,,
2012/10/13,08,30,5,,,,,
2012/10/13,09,78,5,,,,,
2012/10/13,10,332,5,,,,,
2012/10/13,11,492,18,,,,,
2012/10/13,12,544,32,,,,,
2012/10/13,13,514,33,,,,,
2012/10/13,14,534,38,,,,,
2012/10/13,15,576,54,,,,,
2012/10/13,16,664,132,,,,,
2012/10/13,17,614,117,,,,,
2012/10/13,18,720,110,,,,,
2012/10/13,19,658,107,,,,,
2012/10/13,20,700,95,,,,,
2012/10/13,21,332,57,,,,,
2012/10/13,22,138,39,,,,,
2012/10/13,23,46,6,,,,,
2012/10/13,24,30,5,,,,,
2012/10/14,01,28,3,,,,,
2012/10/14,02,30,5,,,,,
2012/10/14,03,28,5,,,,,
2012/10/14,04,30,5,,,,,
2012/10/14,05,26,5,,,,,
2012/10/14,06,30,5,,,,,
2012/10/14,07,30,5,,,,,
2012/10/14,08,30,5,,,,,
2012/10/14,09,46,5,,,,,
2012/10/14,10,294,14,,,,,
2012/10/14,11,524,65,,,,,
2012/10/14,12,592,74,,,,,
2012/10/14,13,554,75,,,,,
2012/10/14,14,562,75,,,,,
2012/10/14,15,542,83,,,,,
2012/10/14,16,588,77,,,,,
2012/10/14,17,620,83,,,,,
2012/10/14,18,594,81,,,,,
2012/10/14,19,610,84,,,,,
2012/10/14,20,610,60,,,,,
2012/10/14,21,244,12,,,,,
2012/10/14,22,54,5,,,,,
2012/10/14,23,60,5,,,,,
2012/10/14,24,36,5,,,,,
2012/10/15,01,30,3,,,,,
2012/10/15,02,30,5,,,,,
2012/10/15,03,30,5,,,,,
2012/10/15,04,32,3,,,,,
2012/10/15,05,32,5,,,,,
2012/10/15,06,32,5,,,,,
2012/10/15,07,28,5,,,,,
2012/10/15,08,32,3,,,,,
2012/10/15,09,80,5,,,,,
2012/10/15,10,274,11,,,,,
2012/10/15,11,500,50,,,,,
2012/10/15,12,586,60,,,,,
2012/10/15,13,530,65,,,,,
2012/10/15,14,568,63,,,,,
2012/10/15,15,516,71,,,,,
2012/10/15,16,570,68,,,,,
2012/10/15,17,544,71,,,,,
2012/10/15,18,620,66,,,,,
2012/10/15,19,546,60,,,,,
2012/10/15,20,522,14,,,,,
2012/10/15,21,196,5,,,,,
2012/10/15,22,68,5,,,,,
2012/10/15,23,50,3,,,,,
2012/10/15,24,30,3,,,,,
2012/10/16,01,26,5,,,,,
2012/10/16,02,30,5,,,,,
2012/10/16,03,28,3,,,,,
2012/10/16,04,32,5,,,,,
2012/10/16,05,30,5,,,,,
2012/10/16,06,30,3,,,,,
2012/10/16,07,28,5,,,,,
2012/10/16,08,28,5,,,,,
2012/10/16,09,38,6,,,,,
2012/10/16,10,198,11,,,,,
2012/10/16,11,466,48,,,,,
2012/10/16,12,528,53,,,,,
2012/10/16,13,568,86,,,,,
2012/10/16,14,522,86,,,,,
2012/10/16,15,538,89,,,,,
2012/10/16,16,546,92,,,,,
2012/10/16,17,576,80,,,,,
2012/10/16,18,548,80,,,,,
2012/10/16,19,604,78,,,,,
2012/10/16,20,576,32,,,,,
2012/10/16,21,254,6,,,,,
2012/10/16,22,44,3,,,,,
2012/10/16,23,28,5,,,,,
2012/10/16,24,28,5,,,,,
2012/10/17,01,28,5,,,,,
2012/10/17,02,26,5,,,,,
2012/10/17,03,30,3,,,,,
2012/10/17,04,26,5,,,,,
2012/10/17,05,26,5,,,,,
2012/10/17,06,28,5,,,,,
2012/10/17,07,28,5,,,,,
2012/10/17,08,30,5,,,,,
2012/10/17,09,60,5,,,,,
2012/10/17,10,394,35,,,,,
2012/10/17,11,494,53,,,,,
2012/10/17,12,510,57,,,,,
2012/10/17,13,562,56,,,,,
2012/10/17,14,594,65,,,,,
2012/10/17,15,578,56,,,,,
2012/10/17,16,520,57,,,,,
2012/10/17,17,560,51,,,,,
2012/10/17,18,532,54,,,,,
2012/10/17,19,626,50,,,,,
2012/10/17,20,568,47,,,,,
2012/10/17,21,324,48,,,,,
2012/10/17,22,198,39,,,,,
2012/10/17,23,198,32,,,,,
2012/10/17,24,104,5,,,,,
2012/10/18,01,32,5,,,,,
2012/10/18,02,32,5,,,,,
2012/10/18,03,30,5,,,,,
2012/10/18,04,32,3,,,,,
2012/10/18,05,28,5,,,,,
2012/10/18,06,30,5,,,,,
2012/10/18,07,32,5,,,,,
2012/10/18,08,32,5,,,,,
2012/10/18,09,36,5,,,,,
2012/10/18,10,218,9,,,,,
2012/10/18,11,556,63,,,,,
2012/10/18,12,536,77,,,,,
2012/10/18,13,602,74,,,,,
2012/10/18,14,610,77,,,,,
2012/10/18,15,552,80,,,,,
2012/10/18,16,562,77,,,,,
2012/10/18,17,548,75,,,,,
2012/10/18,18,618,60,,,,,
2012/10/18,19,606,41,,,,,
2012/10/18,20,578,26,,,,,
2012/10/18,21,262,20,,,,,
2012/10/18,22,54,3,,,,,
2012/10/18,23,30,5,,,,,
2012/10/18,24,30,5,,,,,
2012/10/19,01,28,5,,,,,
2012/10/19,02,30,5,,,,,
2012/10/19,03,28,3,,,,,
2012/10/19,04,28,5,,,,,
2012/10/19,05,30,5,,,,,
2012/10/19,06,28,5,,,,,
2012/10/19,07,30,5,,,,,
2012/10/19,08,32,5,,,,,
2012/10/19,09,44,5,,,,,
2012/10/19,10,288,5,,,,,
2012/10/19,11,470,26,,,,,
2012/10/19,12,548,35,,,,,
2012/10/19,13,562,39,,,,,
2012/10/19,14,488,38,,,,,
2012/10/19,15,544,41,,,,,
2012/10/19,16,478,44,,,,,
2012/10/19,17,478,42,,,,,
2012/10/19,18,524,42,,,,,
2012/10/19,19,504,39,,,,,
2012/10/19,20,494,27,,,,,
2012/10/19,21,304,5,,,,,
2012/10/19,22,68,5,,,,,
2012/10/19,23,52,5,,,,,
2012/10/19,24,54,5,,,,,
2012/10/20,01,28,5,,,,,
2012/10/20,02,28,5,,,,,
2012/10/20,03,28,5,,,,,
2012/10/20,04,28,5,,,,,
2012/10/20,05,28,5,,,,,
2012/10/20,06,28,5,,,,,
2012/10/20,07,32,5,,,,,
2012/10/20,08,30,5,,,,,
2012/10/20,09,38,5,,,,,
2012/10/20,10,220,5,,,,,
2012/10/20,11,560,38,,,,,
2012/10/20,12,502,44,,,,,
2012/10/20,13,560,45,,,,,
2012/10/20,14,510,47,,,,,
2012/10/20,15,576,51,,,,,
2012/10/20,16,538,51,,,,,
2012/10/20,17,534,51,,,,,
2012/10/20,18,570,50,,,,,
2012/10/20,19,598,48,,,,,
2012/10/20,20,486,8,,,,,
2012/10/20,21,228,5,,,,,
2012/10/20,22,42,5,,,,,
2012/10/20,23,30,5,,,,,
2012/10/20,24,32,5,,,,,
2012/10/21,01,32,5,,,,,
2012/10/21,02,28,3,,,,,
2012/10/21,03,30,5,,,,,
2012/10/21,04,28,5,,,,,
2012/10/21,05,32,5,,,,,
2012/10/21,06,28,3,,,,,
2012/10/21,07,32,5,,,,,
2012/10/21,08,30,3,,,,,
2012/10/21,09,42,5,,,,,
2012/10/21,10,216,6,,,,,
2012/10/21,11,574,48,,,,,
2012/10/21,12,588,53,,,,,
2012/10/21,13,602,62,,,,,
2012/10/21,14,520,65,,,,,
2012/10/21,15,600,75,,,,,
2012/10/21,16,530,75,,,,,
2012/10/21,17,578,68,,,,,
2012/10/21,18,562,63,,,,,
2012/10/21,19,646,59,,,,,
2012/10/21,20,596,56,,,,,
2012/10/21,21,270,6,,,,,
2012/10/21,22,58,5,,,,,
2012/10/21,23,52,5,,,,,
2012/10/21,24,42,5,,,,,
2012/10/22,01,28,5,,,,,
2012/10/22,02,26,5,,,,,
2012/10/22,03,30,5,,,,,
2012/10/22,04,30,3,,,,,
2012/10/22,05,28,3,,,,,
2012/10/22,06,30,5,,,,,
2012/10/22,07,28,3,,,,,
2012/10/22,08,30,5,,,,,
2012/10/22,09,40,5,,,,,
2012/10/22,10,262,14,,,,,
2012/10/22,11,586,65,,,,,
2012/10/22,12,562,66,,,,,
2012/10/22,13,620,69,,,,,
2012/10/22,14,540,75,,,,,
2012/10/22,15,640,86,,,,,
2012/10/22,16,644,83,,,,,
2012/10/22,17,644,77,,,,,
2012/10/22,18,584,65,,,,,
2012/10/22,19,578,54,,,,,
2012/10/22,20,516,33,,,,,
2012/10/22,21,240,5,,,,,
2012/10/22,22,138,5,,,,,
2012/10/22,23,34,3,,,,,
2012/10/22,24,34,5,,,,,
2012/10/23,01,32,5,,,,,
2012/10/23,02,32,3,,,,,
2012/10/23,03,32,3,,,,,
2012/10/23,04,34,5,,,,,
2012/10/23,05,32,3,,,,,
2012/10/23,06,34,3,,,,,
2012/10/23,07,34,3,,,,,
2012/10/23,08,32,3,,,,,
2012/10/23,09,40,5,,,,,
2012/10/23,10,290,9,,,,,
2012/10/23,11,596,69,,,,,
2012/10/23,12,522,68,,,,,
2012/10/23,13,580,71,,,,,
2012/10/23,14,560,68,,,,,
2012/10/23,15,544,68,,,,,
2012/10/23,16,546,65,,,,,
2012/10/23,17,576,62,,,,,
2012/10/23,18,600,59,,,,,
2012/10/23,19,600,51,,,,,
2012/10/23,20,614,54,,,,,
2012/10/23,21,210,5,,,,,
2012/10/23,22,30,3,,,,,
2012/10/23,23,30,5,,,,,
2012/10/23,24,28,5,,,,,
2012/10/24,01,28,5,,,,,
2012/10/24,02,26,5,,,,,
2012/10/24,03,26,5,,,,,
2012/10/24,04,30,5,,,,,
2012/10/24,05,30,5,,,,,
2012/10/24,06,28,3,,,,,
2012/10/24,07,28,5,,,,,
2012/10/24,08,28,5,,,,,
2012/10/24,09,38,5,,,,,
2012/10/24,10,208,5,,,,,
2012/10/24,11,454,5,,,,,
2012/10/24,12,444,5,,,,,
2012/10/24,13,422,6,,,,,
2012/10/24,14,442,6,,,,,
2012/10/24,15,438,6,,,,,
2012/10/24,16,542,50,,,,,
2012/10/24,17,510,57,,,,,
2012/10/24,18,538,50,,,,,
2012/10/24,19,598,50,,,,,
2012/10/24,20,576,50,,,,,
2012/10/24,21,172,35,,,,,
2012/10/24,22,90,26,,,,,
2012/10/24,23,52,5,,,,,
2012/10/24,24,52,3,,,,,
2012/10/25,01,32,5,,,,,
2012/10/25,02,28,5,,,,,
2012/10/25,03,30,5,,,,,
2012/10/25,04,28,3,,,,,
2012/10/25,05,30,5,,,,,
2012/10/25,06,26,3,,,,,
2012/10/25,07,54,3,,,,,
2012/10/25,08,28,1,,,,,
2012/10/25,09,34,1,,,,,
2012/10/25,10,302,2,,,,,
2012/10/25,11,510,2,,,,,
2012/10/25,12,460,3,,,,,
2012/10/25,13,468,3,,,,,
2012/10/25,14,470,3,,,,,
2012/10/25,15,486,2,,,,,
2012/10/25,16,476,3,,,,,
2012/10/25,17,466,2,,,,,
2012/10/25,18,554,2,,,,,
2012/10/25,19,544,2,,,,,
2012/10/25,20,494,2,,,,,
2012/10/25,21,184,2,,,,,
2012/10/25,22,34,0,,,,,
2012/10/25,23,28,0,,,,,
2012/10/25,24,32,0,,,,,
2012/10/26,01,30,0,,,,,
2012/10/26,02,30,0,,,,,
2012/10/26,03,28,0,,,,,
2012/10/26,04,30,0,,,,,
2012/10/26,05,32,0,,,,,
2012/10/26,06,26,0,,,,,
2012/10/26,07,28,0,,,,,
2012/10/26,08,28,0,,,,,
2012/10/26,09,36,2,,,,,
2012/10/26,10,228,2,,,,,
2012/10/26,11,506,2,,,,,
2012/10/26,12,496,2,,,,,
2012/10/26,13,512,3,,,,,
2012/10/26,14,498,3,,,,,
2012/10/26,15,588,3,,,,,
2012/10/26,16,546,2,,,,,
2012/10/26,17,604,2,,,,,
2012/10/26,18,564,2,,,,,
2012/10/26,19,548,2,,,,,
2012/10/26,20,508,2,,,,,
2012/10/26,21,230,0,,,,,
2012/10/26,22,52,0,,,,,
2012/10/26,23,28,0,,,,,
2012/10/26,24,28,0,,,,,
2012/10/27,01,28,0,,,,,
2012/10/27,02,30,0,,,,,
2012/10/27,03,30,0,,,,,
2012/10/27,04,28,0,,,,,
2012/10/27,05,28,0,,,,,
2012/10/27,06,30,0,,,,,
2012/10/27,07,26,0,,,,,
2012/10/27,08,28,0,,,,,
2012/10/27,09,34,0,,,,,
2012/10/27,10,220,2,,,,,
2012/10/27,11,486,2,,,,,
2012/10/27,12,492,2,,,,,
2012/10/27,13,584,3,,,,,
2012/10/27,14,584,3,,,,,
2012/10/27,15,510,3,,,,,
2012/10/27,16,504,3,,,,,
2012/10/27,17,566,3,,,,,
2012/10/27,18,582,2,,,,,
2012/10/27,19,610,2,,,,,
2012/10/27,20,540,2,,,,,
2012/10/27,21,174,2,,,,,
2012/10/27,22,50,0,,,,,
2012/10/27,23,28,2,,,,,
2012/10/27,24,30,0,,,,,
2012/10/28,01,26,0,,,,,
2012/10/28,02,28,0,,,,,
2012/10/28,03,30,0,,,,,
2012/10/28,04,28,0,,,,,
2012/10/28,05,28,0,,,,,
2012/10/28,06,28,0,,,,,
2012/10/28,07,28,0,,,,,
2012/10/28,08,34,2,,,,,
2012/10/28,09,68,2,,,,,
2012/10/28,10,232,3,,,,,
2012/10/28,11,560,2,,,,,
2012/10/28,12,510,2,,,,,
2012/10/28,13,542,2,,,,,
2012/10/28,14,540,3,,,,,
2012/10/28,15,546,3,,,,,
2012/10/28,16,520,3,,,,,
2012/10/28,17,534,3,,,,,
2012/10/28,18,546,3,,,,,
2012/10/28,19,566,2,,,,,
2012/10/28,20,518,2,,,,,
2012/10/28,21,232,0,,,,,
2012/10/28,22,72,0,,,,,
2012/10/28,23,44,0,,,,,
2012/10/28,24,34,0,,,,,
2012/10/29,01,30,0,,,,,
2012/10/29,02,30,0,,,,,
2012/10/29,03,34,0,,,,,
2012/10/29,04,30,2,,,,,
2012/10/29,05,32,0,,,,,
2012/10/29,06,32,0,,,,,
2012/10/29,07,30,0,,,,,
2012/10/29,08,34,0,,,,,
2012/10/29,09,128,0,,,,,
2012/10/29,10,318,2,,,,,
2012/10/29,11,496,2,,,,,
2012/10/29,12,434,2,,,,,
2012/10/29,13,460,2,,,,,
2012/10/29,14,506,3,,,,,
2012/10/29,15,484,2,,,,,
2012/10/29,16,572,2,,,,,
2012/10/29,17,576,2,,,,,
2012/10/29,18,606,2,,,,,
2012/10/29,19,538,2,,,,,
2012/10/29,20,604,2,,,,,
2012/10/29,21,280,0,,,,,
2012/10/29,22,150,0,,,,,
2012/10/29,23,112,0,,,,,
2012/10/29,24,88,0,,,,,
2012/10/30,01,98,0,,,,,
2012/10/30,02,44,0,,,,,
2012/10/30,03,38,0,,,,,
2012/10/30,04,38,0,,,,,
2012/10/30,05,36,0,,,,,
2012/10/30,06,42,0,,,,,
2012/10/30,07,36,2,,,,,
2012/10/30,08,38,0,,,,,
2012/10/30,09,44,0,,,,,
2012/10/30,10,174,2,,,,,
2012/10/30,11,524,2,,,,,
2012/10/30,12,528,3,,,,,
2012/10/30,13,532,2,,,,,
2012/10/30,14,506,2,,,,,
2012/10/30,15,502,3,,,,,
2012/10/30,16,526,2,,,,,
2012/10/30,17,576,2,,,,,
2012/10/30,18,584,2,,,,,
2012/10/30,19,574,2,,,,,
2012/10/30,20,544,2,,,,,
2012/10/30,21,140,0,,,,,
2012/10/30,22,46,0,,,,,
2012/10/30,23,30,0,,,,,
2012/10/30,24,30,0,,,,,
2012/10/31,01,28,0,,,,,
2012/10/31,02,30,0,,,,,
2012/10/31,03,28,0,,,,,
2012/10/31,04,26,0,,,,,
2012/10/31,05,26,0,,,,,
2012/10/31,06,30,0,,,,,
2012/10/31,07,28,0,,,,,
2012/10/31,08,30,0,,,,,
2012/10/31,09,38,0,,,,,
2012/10/31,10,194,2,,,,,
2012/10/31,11,458,2,,,,,
2012/10/31,12,486,3,,,,,
2012/10/31,13,496,3,,,,,
2012/10/31,14,486,3,,,,,
2012/10/31,15,518,3,,,,,
2012/10/31,16,486,2,,,,,
2012/10/31,17,492,2,,,,,
2012/10/31,18,552,2,,,,,
2012/10/31,19,468,2,,,,,
2012/10/31,20,534,2,,,,,
2012/10/31,21,224,0,,,,,
2012/10/31,22,64,2,,,,,
2012/10/31,23,52,0,,,,,
2012/10/31,24,30,0,,,,,
2012/11/01,01,26,0,,,,,
2012/11/01,02,28,0,,,,,
2012/11/01,03,28,0,,,,,
2012/11/01,04,30,0,,,,,
2012/11/01,05,28,0,,,,,
2012/11/01,06,26,0,,,,,
2012/11/01,07,26,0,,,,,
2012/11/01,08,26,0,,,,,
2012/11/01,09,86,0,,,,,
2012/11/01,10,252,2,,,,,
2012/11/01,11,450,2,,,,,
2012/11/01,12,440,3,,,,,
2012/11/01,13,472,2,,,,,
2012/11/01,14,446,3,,,,,
2012/11/01,15,460,2,,,,,
2012/11/01,16,438,3,,,,,
2012/11/01,17,498,2,,,,,
2012/11/01,18,468,2,,,,,
2012/11/01,19,468,2,,,,,
2012/11/01,20,514,2,,,,,
2012/11/01,21,194,0,,,,,
2012/11/01,22,66,2,,,,,
2012/11/01,23,58,0,,,,,
2012/11/01,24,28,0,,,,,
2012/11/02,01,28,0,,,,,
2012/11/02,02,26,0,,,,,
2012/11/02,03,30,0,,,,,
2012/11/02,04,26,0,,,,,
2012/11/02,05,26,0,,,,,
2012/11/02,06,30,0,,,,,
2012/11/02,07,28,0,,,,,
2012/11/02,08,28,0,,,,,
2012/11/02,09,60,0,,,,,
2012/11/02,10,306,2,,,,,
2012/11/02,11,490,2,,,,,
2012/11/02,12,432,2,,,,,
2012/11/02,13,458,2,,,,,
2012/11/02,14,478,3,,,,,
2012/11/02,15,496,3,,,,,
2012/11/02,16,510,3,,,,,
2012/11/02,17,500,2,,,,,
2012/11/02,18,472,2,,,,,
2012/11/02,19,474,2,,,,,
2012/11/02,20,528,2,,,,,
2012/11/02,21,360,0,,,,,
2012/11/02,22,246,0,,,,,
2012/11/02,23,116,2,,,,,
2012/11/02,24,32,0,,,,,
2012/11/03,01,26,0,,,,,
2012/11/03,02,28,2,,,,,
2012/11/03,03,26,0,,,,,
2012/11/03,04,26,0,,,,,
2012/11/03,05,28,0,,,,,
2012/11/03,06,24,0,,,,,
2012/11/03,07,26,0,,,,,
2012/11/03,08,26,0,,,,,
2012/11/03,09,40,0,,,,,
2012/11/03,10,208,2,,,,,
2012/11/03,11,476,2,,,,,
2012/11/03,12,442,3,,,,,
2012/11/03,13,516,3,,,,,
2012/11/03,14,504,3,,,,,
2012/11/03,15,464,3,,,,,
2012/11/03,16,520,3,,,,,
2012/11/03,17,496,3,,,,,
2012/11/03,18,506,2,,,,,
2012/11/03,19,500,2,,,,,
2012/11/03,20,542,2,,,,,
2012/11/03,21,332,2,,,,,
2012/11/03,22,56,0,,,,,
2012/11/03,23,32,0,,,,,
2012/11/03,24,32,0,,,,,
2012/11/04,01,30,0,,,,,
2012/11/04,02,26,0,,,,,
2012/11/04,03,28,0,,,,,
2012/11/04,04,28,0,,,,,
2012/11/04,05,28,0,,,,,
2012/11/04,06,26,0,,,,,
2012/11/04,07,26,2,,,,,
2012/11/04,08,30,0,,,,,
2012/11/04,09,42,0,,,,,
2012/11/04,10,212,2,,,,,
2012/11/04,11,496,3,,,,,
2012/11/04,12,444,3,,,,,
2012/11/04,13,516,3,,,,,
2012/11/04,14,484,3,,,,,
2012/11/04,15,466,3,,,,,
2012/11/04,16,460,3,,,,,
2012/11/04,17,468,3,,,,,
2012/11/04,18,538,3,,,,,
2012/11/04,19,506,2,,,,,
2012/11/04,20,510,2,,,,,
2012/11/04,21,172,0,,,,,
2012/11/04,22,68,2,,,,,
2012/11/04,23,64,0,,,,,
2012/11/04,24,38,2,,,,,
2012/11/05,01,32,0,,,,,
2012/11/05,02,32,0,,,,,
2012/11/05,03,32,0,,,,,
2012/11/05,04,32,0,,,,,
2012/11/05,05,34,0,,,,,
2012/11/05,06,34,0,,,,,
2012/11/05,07,32,0,,,,,
2012/11/05,08,34,0,,,,,
2012/11/05,09,44,0,,,,,
2012/11/05,10,178,2,,,,,
2012/11/05,11,480,2,,,,,
2012/11/05,12,492,3,,,,,
2012/11/05,13,426,2,,,,,
2012/11/05,14,466,2,,,,,
2012/11/05,15,446,3,,,,,
2012/11/05,16,468,2,,,,,
2012/11/05,17,502,2,,,,,
2012/11/05,18,528,3,,,,,
2012/11/05,19,532,2,,,,,
2012/11/05,20,546,2,,,,,
2012/11/05,21,228,2,,,,,
2012/11/05,22,144,0,,,,,
2012/11/05,23,154,0,,,,,
2012/11/05,24,34,0,,,,,
2012/11/06,01,32,0,,,,,
2012/11/06,02,26,0,,,,,
2012/11/06,03,28,0,,,,,
2012/11/06,04,28,0,,,,,
2012/11/06,05,30,0,,,,,
2012/11/06,06,26,0,,,,,
2012/11/06,07,32,0,,,,,
2012/11/06,08,32,0,,,,,
2012/11/06,09,42,0,,,,,
2012/11/06,10,140,2,,,,,
2012/11/06,11,446,2,,,,,
2012/11/06,12,460,2,,,,,
2012/11/06,13,474,3,,,,,
2012/11/06,14,500,2,,,,,
2012/11/06,15,446,2,,,,,
2012/11/06,16,434,2,,,,,
2012/11/06,17,508,2,,,,,
2012/11/06,18,510,2,,,,,
2012/11/06,19,488,2,,,,,
2012/11/06,20,510,2,,,,,
2012/11/06,21,284,2,,,,,
2012/11/06,22,240,0,,,,,
2012/11/06,23,74,0,,,,,
2012/11/06,24,28,0,,,,,
2012/11/07,01,30,0,,,,,
2012/11/07,02,26,0,,,,,
2012/11/07,03,26,0,,,,,
2012/11/07,04,28,0,,,,,
2012/11/07,05,26,0,,,,,
2012/11/07,06,28,2,,,,,
2012/11/07,07,30,0,,,,,
2012/11/07,08,32,0,,,,,
2012/11/07,09,30,0,,,,,
2012/11/07,10,232,2,,,,,
2012/11/07,11,430,2,,,,,
2012/11/07,12,470,3,,,,,
2012/11/07,13,474,2,,,,,
2012/11/07,14,488,3,,,,,
2012/11/07,15,480,2,,,,,
2012/11/07,16,494,2,,,,,
2012/11/07,17,446,2,,,,,
2012/11/07,18,512,2,,,,,
2012/11/07,19,466,2,,,,,
2012/11/07,20,512,2,,,,,
2012/11/07,21,288,0,,,,,
2012/11/07,22,186,0,,,,,
2012/11/07,23,180,2,,,,,
2012/11/07,24,162,0,,,,,
2012/11/08,01,156,0,,,,,
2012/11/08,02,164,0,,,,,
2012/11/08,03,162,0,,,,,
2012/11/08,04,140,0,,,,,
2012/11/08,05,28,0,,,,,
2012/11/08,06,28,0,,,,,
2012/11/08,07,32,0,,,,,
2012/11/08,08,28,0,,,,,
2012/11/08,09,36,0,,,,,
2012/11/08,10,148,2,,,,,
2012/11/08,11,508,2,,,,,
2012/11/08,12,442,2,,,,,
2012/11/08,13,454,2,,,,,
2012/11/08,14,430,3,,,,,
2012/11/08,15,450,2,,,,,
2012/11/08,16,428,3,,,,,
2012/11/08,17,502,3,,,,,
2012/11/08,18,526,2,,,,,
2012/11/08,19,510,2,,,,,
2012/11/08,20,514,2,,,,,
2012/11/08,21,112,0,,,,,
2012/11/08,22,32,0,,,,,
2012/11/08,23,30,0,,,,,
2012/11/08,24,28,0,,,,,
2012/11/09,01,26,0,,,,,
2012/11/09,02,30,0,,,,,
2012/11/09,03,26,0,,,,,
2012/11/09,04,28,0,,,,,
2012/11/09,05,26,0,,,,,
2012/11/09,06,26,0,,,,,
2012/11/09,07,28,0,,,,,
2012/11/09,08,30,0,,,,,
2012/11/09,09,56,0,,,,,
2012/11/09,10,344,2,,,,,
2012/11/09,11,498,2,,,,,
2012/11/09,12,486,2,,,,,
2012/11/09,13,468,3,,,,,
2012/11/09,14,432,3,,,,,
2012/11/09,15,456,3,,,,,
2012/11/09,16,476,2,,,,,
2012/11/09,17,454,2,,,,,
2012/11/09,18,532,2,,,,,
2012/11/09,19,464,2,,,,,
2012/11/09,20,464,2,,,,,
2012/11/09,21,324,2,,,,,
2012/11/09,22,162,0,,,,,
2012/11/09,23,118,0,,,,,
2012/11/09,24,90,0,,,,,
2012/11/10,01,28,0,,,,,
2012/11/10,02,32,0,,,,,
2012/11/10,03,28,0,,,,,
2012/11/10,04,30,2,,,,,
2012/11/10,05,30,0,,,,,
2012/11/10,06,30,0,,,,,
2012/11/10,07,28,2,,,,,
2012/11/10,08,30,0,,,,,
2012/11/10,09,70,0,,,,,
2012/11/10,10,216,2,,,,,
2012/11/10,11,448,2,,,,,
2012/11/10,12,504,3,,,,,
2012/11/10,13,492,3,,,,,
2012/11/10,14,480,3,,,,,
2012/11/10,15,454,3,,,,,
2012/11/10,16,430,3,,,,,
2012/11/10,17,490,3,,,,,
2012/11/10,18,476,2,,,,,
2012/11/10,19,496,2,,,,,
2012/11/10,20,456,2,,,,,
2012/11/10,21,174,0,,,,,
2012/11/10,22,58,0,,,,,
2012/11/10,23,46,0,,,,,
2012/11/10,24,30,0,,,,,
2012/11/11,01,32,0,,,,,
2012/11/11,02,28,0,,,,,
2012/11/11,03,32,2,,,,,
2012/11/11,04,30,0,,,,,
2012/11/11,05,34,0,,,,,
2012/11/11,06,32,0,,,,,
2012/11/11,07,32,0,,,,,
2012/11/11,08,34,0,,,,,
2012/11/11,09,40,2,,,,,
2012/11/11,10,202,2,,,,,
2012/11/11,11,440,2,,,,,
2012/11/11,12,454,3,,,,,
2012/11/11,13,476,3,,,,,
2012/11/11,14,456,3,,,,,
2012/11/11,15,442,3,,,,,
2012/11/11,16,476,3,,,,,
2012/11/11,17,448,3,,,,,
2012/11/11,18,516,3,,,,,
2012/11/11,19,498,2,,,,,
2012/11/11,20,518,2,,,,,
2012/11/11,21,234,2,,,,,
2012/11/11,22,44,0,,,,,
2012/11/11,23,32,2,,,,,
2012/11/11,24,32,0,,,,,
2012/11/12,01,28,0,,,,,
2012/11/12,02,28,0,,,,,
2012/11/12,03,28,0,,,,,
2012/11/12,04,32,0,,,,,
2012/11/12,05,28,0,,,,,
2012/11/12,06,32,0,,,,,
2012/11/12,07,30,0,,,,,
2012/11/12,08,32,2,,,,,
2012/11/12,09,110,0,,,,,
2012/11/12,10,392,2,,,,,
2012/11/12,11,426,2,,,,,
2012/11/12,12,444,2,,,,,
2012/11/12,13,474,2,,,,,
2012/11/12,14,492,2,,,,,
2012/11/12,15,430,2,,,,,
2012/11/12,16,496,2,,,,,
2012/11/12,17,456,2,,,,,
2012/11/12,18,508,2,,,,,
2012/11/12,19,476,2,,,,,
2012/11/12,20,506,2,,,,,
2012/11/12,21,118,0,,,,,
2012/11/12,22,44,0,,,,,
2012/11/12,23,28,0,,,,,
2012/11/12,24,26,0,,,,,
2012/11/13,01,30,0,,,,,
2012/11/13,02,30,0,,,,,
2012/11/13,03,28,0,,,,,
2012/11/13,04,26,0,,,,,
2012/11/13,05,28,0,,,,,
2012/11/13,06,28,0,,,,,
2012/11/13,07,26,0,,,,,
2012/11/13,08,26,0,,,,,
2012/11/13,09,36,0,,,,,
2012/11/13,10,246,2,,,,,
2012/11/13,11,448,2,,,,,
2012/11/13,12,428,2,,,,,
2012/11/13,13,486,3,,,,,
2012/11/13,14,444,3,,,,,
2012/11/13,15,460,3,,,,,
2012/11/13,16,466,2,,,,,
2012/11/13,17,484,2,,,,,
2012/11/13,18,532,2,,,,,
2012/11/13,19,544,2,,,,,
2012/11/13,20,506,2,,,,,
2012/11/13,21,344,0,,,,,
2012/11/13,22,266,2,,,,,
2012/11/13,23,240,2,,,,,
2012/11/13,24,238,0,,,,,
2012/11/14,01,246,2,,,,,
2012/11/14,02,288,2,,,,,
2012/11/14,03,124,0,,,,,
2012/11/14,04,30,0,,,,,
2012/11/14,05,26,0,,,,,
2012/11/14,06,26,0,,,,,
2012/11/14,07,26,0,,,,,
2012/11/14,08,28,0,,,,,
2012/11/14,09,42,0,,,,,
2012/11/14,10,222,2,,,,,
2012/11/14,11,472,2,,,,,
2012/11/14,12,488,2,,,,,
2012/11/14,13,508,3,,,,,
2012/11/14,14,432,3,,,,,
2012/11/14,15,448,2,,,,,
2012/11/14,16,494,2,,,,,
2012/11/14,17,516,2,,,,,
2012/11/14,18,534,2,,,,,
2012/11/14,19,510,2,,,,,
2012/11/14,20,456,2,,,,,
2012/11/14,21,340,2,,,,,
2012/11/14,22,62,0,,,,,
2012/11/14,23,64,0,,,,,
2012/11/14,24,66,0,,,,,
2012/11/15,01,58,0,,,,,
2012/11/15,02,34,0,,,,,
2012/11/15,03,28,0,,,,,
2012/11/15,04,28,0,,,,,
2012/11/15,05,26,0,,,,,
2012/11/15,06,28,0,,,,,
2012/11/15,07,28,0,,,,,
2012/11/15,08,32,2,,,,,
2012/11/15,09,36,0,,,,,
2012/11/15,10,152,2,,,,,
2012/11/15,11,446,3,,,,,
2012/11/15,12,480,12,,,,,
2012/11/15,13,492,5,,,,,
2012/11/15,14,444,3,,,,,
2012/11/15,15,458,3,,,,,
2012/11/15,16,448,2,,,,,
2012/11/15,17,496,2,,,,,
2012/11/15,18,514,2,,,,,
2012/11/15,19,494,2,,,,,
2012/11/15,20,486,2,,,,,
2012/11/15,21,106,2,,,,,
2012/11/15,22,64,0,,,,,
2012/11/15,23,40,0,,,,,
2012/11/15,24,28,0,,,,,
2012/11/16,01,32,0,,,,,
2012/11/16,02,32,0,,,,,
2012/11/16,03,28,0,,,,,
2012/11/16,04,28,0,,,,,
2012/11/16,05,28,0,,,,,
2012/11/16,06,30,0,,,,,
2012/11/16,07,32,0,,,,,
2012/11/16,08,30,0,,,,,
2012/11/16,09,42,0,,,,,
2012/11/16,10,218,2,,,,,
2012/11/16,11,506,2,,,,,
2012/11/16,12,468,2,,,,,
2012/11/16,13,454,2,,,,,
2012/11/16,14,452,3,,,,,
2012/11/16,15,470,3,,,,,
2012/11/16,16,480,2,,,,,
2012/11/16,17,460,2,,,,,
2012/11/16,18,476,2,,,,,
2012/11/16,19,526,2,,,,,
2012/11/16,20,474,2,,,,,
2012/11/16,21,364,0,,,,,
2012/11/16,22,220,2,,,,,
2012/11/16,23,126,0,,,,,
2012/11/16,24,28,2,,,,,
2012/11/17,01,32,0,,,,,
2012/11/17,02,30,0,,,,,
2012/11/17,03,32,2,,,,,
2012/11/17,04,30,0,,,,,
2012/11/17,05,28,0,,,,,
2012/11/17,06,30,0,,,,,
2012/11/17,07,28,0,,,,,
2012/11/17,08,32,0,,,,,
2012/11/17,09,38,2,,,,,
2012/11/17,10,218,2,,,,,
2012/11/17,11,492,2,,,,,
2012/11/17,12,452,3,,,,,
2012/11/17,13,484,3,,,,,
2012/11/17,14,478,3,,,,,
2012/11/17,15,438,3,,,,,
2012/11/17,16,470,3,,,,,
2012/11/17,17,482,3,,,,,
2012/11/17,18,498,3,,,,,
2012/11/17,19,502,2,,,,,
2012/11/17,20,484,2,,,,,
2012/11/17,21,174,2,,,,,
2012/11/17,22,32,0,,,,,
2012/11/17,23,30,0,,,,,
2012/11/17,24,30,0,,,,,
2012/11/18,01,28,0,,,,,
2012/11/18,02,26,0,,,,,
2012/11/18,03,28,0,,,,,
2012/11/18,04,30,0,,,,,
2012/11/18,05,28,0,,,,,
2012/11/18,06,28,0,,,,,
2012/11/18,07,26,0,,,,,
2012/11/18,08,30,0,,,,,
2012/11/18,09,36,2,,,,,
2012/11/18,10,192,2,,,,,
2012/11/18,11,446,3,,,,,
2012/11/18,12,432,3,,,,,
2012/11/18,13,498,3,,,,,
2012/11/18,14,438,3,,,,,
2012/11/18,15,478,3,,,,,
2012/11/18,16,438,3,,,,,
2012/11/18,17,510,3,,,,,
2012/11/18,18,488,3,,,,,
2012/11/18,19,540,2,,,,,
2012/11/18,20,494,2,,,,,
2012/11/18,21,280,0,,,,,
2012/11/18,22,148,2,,,,,
2012/11/18,23,62,0,,,,,
2012/11/18,24,28,0,,,,,
2012/11/19,01,30,0,,,,,
2012/11/19,02,26,0,,,,,
2012/11/19,03,26,0,,,,,
2012/11/19,04,28,0,,,,,
2012/11/19,05,26,0,,,,,
2012/11/19,06,26,0,,,,,
2012/11/19,07,30,2,,,,,
2012/11/19,08,30,0,,,,,
2012/11/19,09,34,0,,,,,
2012/11/19,10,182,2,,,,,
2012/11/19,11,476,2,,,,,
2012/11/19,12,480,2,,,,,
2012/11/19,13,482,2,,,,,
2012/11/19,14,438,2,,,,,
2012/11/19,15,484,3,,,,,
2012/11/19,16,462,2,,,,,
2012/11/19,17,494,2,,,,,
2012/11/19,18,516,2,,,,,
2012/11/19,19,486,2,,,,,
2012/11/19,20,488,2,,,,,
2012/11/19,21,138,2,,,,,
2012/11/19,22,70,0,,,,,
2012/11/19,23,64,0,,,,,
2012/11/19,24,62,0,,,,,
2012/11/20,01,68,0,,,,,
2012/11/20,02,42,0,,,,,
2012/11/20,03,30,0,,,,,
2012/11/20,04,30,0,,,,,
2012/11/20,05,28,0,,,,,
2012/11/20,06,30,0,,,,,
2012/11/20,07,28,0,,,,,
2012/11/20,08,30,0,,,,,
2012/11/20,09,30,0,,,,,
2012/11/20,10,222,2,,,,,
2012/11/20,11,466,2,,,,,
2012/11/20,12,512,14,,,,,
2012/11/20,13,564,14,,,,,
2012/11/20,14,450,3,,,,,
2012/11/20,15,452,2,,,,,
2012/11/20,16,460,2,,,,,
2012/11/20,17,426,2,,,,,
2012/11/20,18,648,17,,,,,
2012/11/20,19,536,8,,,,,
2012/11/20,20,542,2,,,,,
2012/11/20,21,180,0,,,,,
2012/11/20,22,34,0,,,,,
2012/11/20,23,34,0,,,,,
2012/11/20,24,34,0,,,,,
2012/11/21,01,34,0,,,,,
2012/11/21,02,32,0,,,,,
2012/11/21,03,34,0,,,,,
2012/11/21,04,30,0,,,,,
2012/11/21,05,32,0,,,,,
2012/11/21,06,32,2,,,,,
2012/11/21,07,30,0,,,,,
2012/11/21,08,30,0,,,,,
2012/11/21,09,50,0,,,,,
2012/11/21,10,274,2,,,,,
2012/11/21,11,446,2,,,,,
2012/11/21,12,526,9,,,,,
2012/11/21,13,594,17,,,,,
2012/11/21,14,594,12,,,,,
2012/11/21,15,540,11,,,,,
2012/11/21,16,512,9,,,,,
2012/11/21,17,532,9,,,,,
2012/11/21,18,576,8,,,,,
2012/11/21,19,518,8,,,,,
2012/11/21,20,560,6,,,,,
2012/11/21,21,128,2,,,,,
2012/11/21,22,80,0,,,,,
2012/11/21,23,70,2,,,,,
2012/11/21,24,74,0,,,,,
2012/11/22,01,72,0,,,,,
2012/11/22,02,78,0,,,,,
2012/11/22,03,70,0,,,,,
2012/11/22,04,72,0,,,,,
2012/11/22,05,40,0,,,,,
2012/11/22,06,32,0,,,,,
2012/11/22,07,28,0,,,,,
2012/11/22,08,28,2,,,,,
2012/11/22,09,36,0,,,,,
2012/11/22,10,128,2,,,,,
2012/11/22,11,476,2,,,,,
2012/11/22,12,422,3,,,,,
2012/11/22,13,416,3,,,,,
2012/11/22,14,490,3,,,,,
2012/11/22,15,488,3,,,,,
2012/11/22,16,484,2,,,,,
2012/11/22,17,470,2,,,,,
2012/11/22,18,520,2,,,,,
2012/11/22,19,530,2,,,,,
2012/11/22,20,500,2,,,,,
2012/11/22,21,148,0,,,,,
2012/11/22,22,42,2,,,,,
2012/11/22,23,30,0,,,,,
2012/11/22,24,30,0,,,,,
2012/11/23,01,30,2,,,,,
2012/11/23,02,30,0,,,,,
2012/11/23,03,28,0,,,,,
2012/11/23,04,26,0,,,,,
2012/11/23,05,30,0,,,,,
2012/11/23,06,30,0,,,,,
2012/11/23,07,30,0,,,,,
2012/11/23,08,28,0,,,,,
2012/11/23,09,54,2,,,,,
2012/11/23,10,274,2,,,,,
2012/11/23,11,504,3,,,,,
2012/11/23,12,468,3,,,,,
2012/11/23,13,476,3,,,,,
2012/11/23,14,450,3,,,,,
2012/11/23,15,440,3,,,,,
2012/11/23,16,496,3,,,,,
2012/11/23,17,446,3,,,,,
2012/11/23,18,522,3,,,,,
2012/11/23,19,528,2,,,,,
2012/11/23,20,512,2,,,,,
2012/11/23,21,316,2,,,,,
2012/11/23,22,58,0,,,,,
2012/11/23,23,54,2,,,,,
2012/11/23,24,50,0,,,,,
2012/11/24,01,50,0,,,,,
2012/11/24,02,40,2,,,,,
2012/11/24,03,30,0,,,,,
2012/11/24,04,30,0,,,,,
2012/11/24,05,26,2,,,,,
2012/11/24,06,28,0,,,,,
2012/11/24,07,30,0,,,,,
2012/11/24,08,30,0,,,,,
2012/11/24,09,36,0,,,,,
2012/11/24,10,208,2,,,,,
2012/11/24,11,480,2,,,,,
2012/11/24,12,482,3,,,,,
2012/11/24,13,466,3,,,,,
2012/11/24,14,488,3,,,,,
2012/11/24,15,464,3,,,,,
2012/11/24,16,500,3,,,,,
2012/11/24,17,458,3,,,,,
2012/11/24,18,488,3,,,,,
2012/11/24,19,512,2,,,,,
2012/11/24,20,476,2,,,,,
2012/11/24,21,368,2,,,,,
2012/11/24,22,38,0,,,,,
2012/11/24,23,28,0,,,,,
2012/11/24,24,30,0,,,,,
2012/11/25,01,28,0,,,,,
2012/11/25,02,30,0,,,,,
2012/11/25,03,28,0,,,,,
2012/11/25,04,26,0,,,,,
2012/11/25,05,26,0,,,,,
2012/11/25,06,28,0,,,,,
2012/11/25,07,32,0,,,,,
2012/11/25,08,32,0,,,,,
2012/11/25,09,48,0,,,,,
2012/11/25,10,182,2,,,,,
2012/11/25,11,426,3,,,,,
2012/11/25,12,502,3,,,,,
2012/11/25,13,454,5,,,,,
2012/11/25,14,434,3,,,,,
2012/11/25,15,440,3,,,,,
2012/11/25,16,450,3,,,,,
2012/11/25,17,484,3,,,,,
2012/11/25,18,552,12,,,,,
2012/11/25,19,638,12,,,,,
2012/11/25,20,596,9,,,,,
2012/11/25,21,292,3,,,,,
2012/11/25,22,76,0,,,,,
2012/11/25,23,34,0,,,,,
2012/11/25,24,30,0,,,,,
2012/11/26,01,28,0,,,,,
2012/11/26,02,28,0,,,,,
2012/11/26,03,30,0,,,,,
2012/11/26,04,28,0,,,,,
2012/11/26,05,30,0,,,,,
2012/11/26,06,28,0,,,,,
2012/11/26,07,32,0,,,,,
2012/11/26,08,34,0,,,,,
2012/11/26,09,44,0,,,,,
2012/11/26,10,164,2,,,,,
2012/11/26,11,442,2,,,,,
2012/11/26,12,444,2,,,,,
2012/11/26,13,468,3,,,,,
2012/11/26,14,454,3,,,,,
2012/11/26,15,442,2,,,,,
2012/11/26,16,430,2,,,,,
2012/11/26,17,452,2,,,,,
2012/11/26,18,518,2,,,,,
2012/11/26,19,530,2,,,,,
2012/11/26,20,468,2,,,,,
2012/11/26,21,390,2,,,,,
2012/11/26,22,168,0,,,,,
2012/11/26,23,100,2,,,,,
2012/11/26,24,118,0,,,,,
2012/11/27,01,112,0,,,,,
2012/11/27,02,98,0,,,,,
2012/11/27,03,102,0,,,,,
2012/11/27,04,88,0,,,,,
2012/11/27,05,34,0,,,,,
2012/11/27,06,30,0,,,,,
2012/11/27,07,32,2,,,,,
2012/11/27,08,30,0,,,,,
2012/11/27,09,50,0,,,,,
2012/11/27,10,282,2,,,,,
2012/11/27,11,460,12,,,,,
2012/11/27,12,572,26,,,,,
2012/11/27,13,574,15,,,,,
2012/11/27,14,592,12,,,,,
2012/11/27,15,536,15,,,,,
2012/11/27,16,488,12,,,,,
2012/11/27,17,494,6,,,,,
2012/11/27,18,484,2,,,,,
2012/11/27,19,490,2,,,,,
2012/11/27,20,530,2,,,,,
2012/11/27,21,170,2,,,,,
2012/11/27,22,36,0,,,,,
2012/11/27,23,30,2,,,,,
2012/11/27,24,28,0,,,,,
2012/11/28,01,30,0,,,,,
2012/11/28,02,28,0,,,,,
2012/11/28,03,32,0,,,,,
2012/11/28,04,32,0,,,,,
2012/11/28,05,28,0,,,,,
2012/11/28,06,28,0,,,,,
2012/11/28,07,28,0,,,,,
2012/11/28,08,32,0,,,,,
2012/11/28,09,34,2,,,,,
2012/11/28,10,188,2,,,,,
2012/11/28,11,628,30,,,,,
2012/11/28,12,576,26,,,,,
2012/11/28,13,538,23,,,,,
2012/11/28,14,554,17,,,,,
2012/11/28,15,464,2,,,,,
2012/11/28,16,488,2,,,,,
2012/11/28,17,466,2,,,,,
2012/11/28,18,542,2,,,,,
2012/11/28,19,540,2,,,,,
2012/11/28,20,542,2,,,,,
2012/11/28,21,220,2,,,,,
2012/11/28,22,100,0,,,,,
2012/11/28,23,80,0,,,,,
2012/11/28,24,48,0,,,,,
2012/11/29,01,28,0,,,,,
2012/11/29,02,30,0,,,,,
2012/11/29,03,32,0,,,,,
2012/11/29,04,28,0,,,,,
2012/11/29,05,32,0,,,,,
2012/11/29,06,28,0,,,,,
2012/11/29,07,32,0,,,,,
2012/11/29,08,28,0,,,,,
2012/11/29,09,36,2,,,,,
2012/11/29,10,278,29,,,,,
2012/11/29,11,636,27,,,,,
2012/11/29,12,588,26,,,,,
2012/11/29,13,562,23,,,,,
2012/11/29,14,568,18,,,,,
2012/11/29,15,510,15,,,,,
2012/11/29,16,528,12,,,,,
2012/11/29,17,514,14,,,,,
2012/11/29,18,526,14,,,,,
2012/11/29,19,520,11,,,,,
2012/11/29,20,546,9,,,,,
2012/11/29,21,268,9,,,,,
2012/11/29,22,66,2,,,,,
2012/11/29,23,40,0,,,,,
2012/11/29,24,36,0,,,,,
2012/11/30,01,36,0,,,,,
2012/11/30,02,32,0,,,,,
2012/11/30,03,34,0,,,,,
2012/11/30,04,34,0,,,,,
2012/11/30,05,32,0,,,,,
2012/11/30,06,32,2,,,,,
2012/11/30,07,36,0,,,,,
2012/11/30,08,34,2,,,,,
2012/11/30,09,42,0,,,,,
2012/11/30,10,232,2,,,,,
2012/11/30,11,470,2,,,,,
2012/11/30,12,478,2,,,,,
2012/11/30,13,450,3,,,,,
2012/11/30,14,448,3,,,,,
2012/11/30,15,444,3,,,,,
2012/11/30,16,456,3,,,,,
2012/11/30,17,468,2,,,,,
2012/11/30,18,510,2,,,,,
2012/11/30,19,520,2,,,,,
2012/11/30,20,534,2,,,,,
2012/11/30,21,166,2,,,,,
2012/11/30,22,68,0,,,,,
2012/11/30,23,58,0,,,,,
2012/11/30,24,52,0,,,,,
2012/12/01,01,34,0,,,,,
2012/12/01,02,28,2,,,,,
2012/12/01,03,28,0,,,,,
2012/12/01,04,28,2,,,,,
2012/12/01,05,28,0,,,,,
2012/12/01,06,30,0,,,,,
2012/12/01,07,28,2,,,,,
2012/12/01,08,30,0,,,,,
2012/12/01,09,40,2,,,,,
2012/12/01,10,192,2,,,,,
2012/12/01,11,454,2,,,,,
2012/12/01,12,486,3,,,,,
2012/12/01,13,524,14,,,,,
2012/12/01,14,586,24,,,,,
2012/12/01,15,608,17,,,,,
2012/12/01,16,464,3,,,,,
2012/12/01,17,460,3,,,,,
2012/12/01,18,488,3,,,,,
2012/12/01,19,474,2,,,,,
2012/12/01,20,534,2,,,,,
2012/12/01,21,174,2,,,,,
2012/12/01,22,56,2,,,,,
2012/12/01,23,32,0,,,,,
2012/12/01,24,32,0,,,,,
2012/12/02,01,30,0,,,,,
2012/12/02,02,32,0,,,,,
2012/12/02,03,28,0,,,,,
2012/12/02,04,28,0,,,,,
2012/12/02,05,28,0,,,,,
2012/12/02,06,32,2,,,,,
2012/12/02,07,32,0,,,,,
2012/12/02,08,32,2,,,,,
2012/12/02,09,34,0,,,,,
2012/12/02,10,184,2,,,,,
2012/12/02,11,614,35,,,,,
2012/12/02,12,634,27,,,,,
2012/12/02,13,562,24,,,,,
2012/12/02,14,500,3,,,,,
2012/12/02,15,492,15,,,,,
2012/12/02,16,606,24,,,,,
2012/12/02,17,544,23,,,,,
2012/12/02,18,594,20,,,,,
2012/12/02,19,620,20,,,,,
2012/12/02,20,568,17,,,,,
2012/12/02,21,236,2,,,,,
2012/12/02,22,62,2,,,,,
2012/12/02,23,38,0,,,,,
2012/12/02,24,30,0,,,,,
2012/12/03,01,28,0,,,,,
2012/12/03,02,30,0,,,,,
2012/12/03,03,28,0,,,,,
2012/12/03,04,28,0,,,,,
2012/12/03,05,30,0,,,,,
2012/12/03,06,30,0,,,,,
2012/12/03,07,32,0,,,,,
2012/12/03,08,30,0,,,,,
2012/12/03,09,36,0,,,,,
2012/12/03,10,200,2,,,,,
2012/12/03,11,678,36,,,,,
2012/12/03,12,594,26,,,,,
2012/12/03,13,604,26,,,,,
2012/12/03,14,626,24,,,,,
2012/12/03,15,602,21,,,,,
2012/12/03,16,634,20,,,,,
2012/12/03,17,568,15,,,,,
2012/12/03,18,562,12,,,,,
2012/12/03,19,636,14,,,,,
2012/12/03,20,560,8,,,,,
2012/12/03,21,182,2,,,,,
2012/12/03,22,96,0,,,,,
2012/12/03,23,68,2,,,,,
2012/12/03,24,56,0,,,,,
2012/12/04,01,48,0,,,,,
2012/12/04,02,32,0,,,,,
2012/12/04,03,28,0,,,,,
2012/12/04,04,28,2,,,,,
2012/12/04,05,28,0,,,,,
2012/12/04,06,28,2,,,,,
2012/12/04,07,30,0,,,,,
2012/12/04,08,30,0,,,,,
2012/12/04,09,38,2,,,,,
2012/12/04,10,202,2,,,,,
2012/12/04,11,664,30,,,,,
2012/12/04,12,564,24,,,,,
2012/12/04,13,548,18,,,,,
2012/12/04,14,440,3,,,,,
2012/12/04,15,430,2,,,,,
2012/12/04,16,456,3,,,,,
2012/12/04,17,478,2,,,,,
2012/12/04,18,482,2,,,,,
2012/12/04,19,454,2,,,,,
2012/12/04,20,532,2,,,,,
2012/12/04,21,124,2,,,,,
2012/12/04,22,32,0,,,,,
2012/12/04,23,28,0,,,,,
2012/12/04,24,28,2,,,,,
2012/12/05,01,32,0,,,,,
2012/12/05,02,30,2,,,,,
2012/12/05,03,32,0,,,,,
2012/12/05,04,30,0,,,,,
2012/12/05,05,28,0,,,,,
2012/12/05,06,28,0,,,,,
2012/12/05,07,28,2,,,,,
2012/12/05,08,30,0,,,,,
2012/12/05,09,38,2,,,,,
2012/12/05,10,190,2,,,,,
2012/12/05,11,592,29,,,,,
2012/12/05,12,578,26,,,,,
2012/12/05,13,634,23,,,,,
2012/12/05,14,558,14,,,,,
2012/12/05,15,518,15,,,,,
2012/12/05,16,542,14,,,,,
2012/12/05,17,608,11,,,,,
2012/12/05,18,534,11,,,,,
2012/12/05,19,470,2,,,,,
2012/12/05,20,492,2,,,,,
2012/12/05,21,164,2,,,,,
2012/12/05,22,64,0,,,,,
2012/12/05,23,40,0,,,,,
2012/12/05,24,30,0,,,,,
2012/12/06,01,28,0,,,,,
2012/12/06,02,30,0,,,,,
2012/12/06,03,32,0,,,,,
2012/12/06,04,28,0,,,,,
2012/12/06,05,32,0,,,,,
2012/12/06,06,32,0,,,,,
2012/12/06,07,28,0,,,,,
2012/12/06,08,30,2,,,,,
2012/12/06,09,44,0,,,,,
2012/12/06,10,190,2,,,,,
2012/12/06,11,600,24,,,,,
2012/12/06,12,556,21,,,,,
2012/12/06,13,574,17,,,,,
2012/12/06,14,508,14,,,,,
2012/12/06,15,444,3,,,,,
2012/12/06,16,448,3,,,,,
2012/12/06,17,466,2,,,,,
2012/12/06,18,526,2,,,,,
2012/12/06,19,454,2,,,,,
2012/12/06,20,470,2,,,,,
2012/12/06,21,142,0,,,,,
2012/12/06,22,46,2,,,,,
2012/12/06,23,36,0,,,,,
2012/12/06,24,36,0,,,,,
2012/12/07,01,38,0,,,,,
2012/12/07,02,34,0,,,,,
2012/12/07,03,32,0,,,,,
2012/12/07,04,34,0,,,,,
2012/12/07,05,32,0,,,,,
2012/12/07,06,36,0,,,,,
2012/12/07,07,34,0,,,,,
2012/12/07,08,34,0,,,,,
2012/12/07,09,42,0,,,,,
2012/12/07,10,244,14,,,,,
2012/12/07,11,580,26,,,,,
2012/12/07,12,636,23,,,,,
2012/12/07,13,646,17,,,,,
2012/12/07,14,584,12,,,,,
2012/12/07,15,614,12,,,,,
2012/12/07,16,606,12,,,,,
2012/12/07,17,642,11,,,,,
2012/12/07,18,606,9,,,,,
2012/12/07,19,580,8,,,,,
2012/12/07,20,642,8,,,,,
2012/12/07,21,326,2,,,,,
2012/12/07,22,106,2,,,,,
2012/12/07,23,94,0,,,,,
2012/12/07,24,78,0,,,,,
2012/12/08,01,30,0,,,,,
2012/12/08,02,30,0,,,,,
2012/12/08,03,32,0,,,,,
2012/12/08,04,30,0,,,,,
2012/12/08,05,32,0,,,,,
2012/12/08,06,30,0,,,,,
2012/12/08,07,28,0,,,,,
2012/12/08,08,32,0,,,,,
2012/12/08,09,40,0,,,,,
2012/12/08,10,216,2,,,,,
2012/12/08,11,496,3,,,,,
2012/12/08,12,504,3,,,,,
2012/12/08,13,508,17,,,,,
2012/12/08,14,584,23,,,,,
2012/12/08,15,538,20,,,,,
2012/12/08,16,586,15,,,,,
2012/12/08,17,622,14,,,,,
2012/12/08,18,576,11,,,,,
2012/12/08,19,556,9,,,,,
2012/12/08,20,520,8,,,,,
2012/12/08,21,154,2,,,,,
2012/12/08,22,62,0,,,,,
2012/12/08,23,62,0,,,,,
2012/12/08,24,28,2,,,,,
2012/12/09,01,30,0,,,,,
2012/12/09,02,30,0,,,,,
2012/12/09,03,30,0,,,,,
2012/12/09,04,30,0,,,,,
2012/12/09,05,28,2,,,,,
2012/12/09,06,28,0,,,,,
2012/12/09,07,32,2,,,,,
2012/12/09,08,30,0,,,,,
2012/12/09,09,38,2,,,,,
2012/12/09,10,256,11,,,,,
2012/12/09,11,640,26,,,,,
2012/12/09,12,548,26,,,,,
2012/12/09,13,500,8,,,,,
2012/12/09,14,502,3,,,,,
2012/12/09,15,476,3,,,,,
2012/12/09,16,478,3,,,,,
2012/12/09,17,476,8,,,,,
2012/12/09,18,584,18,,,,,
2012/12/09,19,640,14,,,,,
2012/12/09,20,602,18,,,,,
2012/12/09,21,224,6,,,,,
2012/12/09,22,62,0,,,,,
2012/12/09,23,28,0,,,,,
2012/12/09,24,28,0,,,,,
2012/12/10,01,28,0,,,,,
2012/12/10,02,30,0,,,,,
2012/12/10,03,30,0,,,,,
2012/12/10,04,34,0,,,,,
2012/12/10,05,30,0,,,,,
2012/12/10,06,28,0,,,,,
2012/12/10,07,30,2,,,,,
2012/12/10,08,28,0,,,,,
2012/12/10,09,50,2,,,,,
2012/12/10,10,276,11,,,,,
2012/12/10,11,582,30,,,,,
2012/12/10,12,430,3,,,,,
2012/12/10,13,520,24,,,,,
2012/12/10,14,550,26,,,,,
2012/12/10,15,566,23,,,,,
2012/12/10,16,584,18,,,,,
2012/12/10,17,612,20,,,,,
2012/12/10,18,566,17,,,,,
2012/12/10,19,518,2,,,,,
2012/12/10,20,456,2,,,,,
2012/12/10,21,244,2,,,,,
2012/12/10,22,62,0,,,,,
2012/12/10,23,56,0,,,,,
2012/12/10,24,46,2,,,,,
2012/12/11,01,42,0,,,,,
2012/12/11,02,36,2,,,,,
2012/12/11,03,30,0,,,,,
2012/12/11,04,30,0,,,,,
2012/12/11,05,28,0,,,,,
2012/12/11,06,28,0,,,,,
2012/12/11,07,28,0,,,,,
2012/12/11,08,28,2,,,,,
2012/12/11,09,40,0,,,,,
2012/12/11,10,226,15,,,,,
2012/12/11,11,652,35,,,,,
2012/12/11,12,602,26,,,,,
2012/12/11,13,592,26,,,,,
2012/12/11,14,624,24,,,,,
2012/12/11,15,566,23,,,,,
2012/12/11,16,516,23,,,,,
2012/12/11,17,628,21,,,,,
2012/12/11,18,618,12,,,,,
2012/12/11,19,512,2,,,,,
2012/12/11,20,520,2,,,,,
2012/12/11,21,288,2,,,,,
2012/12/11,22,222,2,,,,,
2012/12/11,23,252,0,,,,,
2012/12/11,24,266,2,,,,,
2012/12/12,01,254,0,,,,,
2012/12/12,02,248,2,,,,,
2012/12/12,03,102,2,,,,,
2012/12/12,04,28,0,,,,,
2012/12/12,05,28,0,,,,,
2012/12/12,06,30,2,,,,,
2012/12/12,07,30,0,,,,,
2012/12/12,08,30,2,,,,,
2012/12/12,09,52,2,,,,,
2012/12/12,10,188,6,,,,,
2012/12/12,11,646,36,,,,,
2012/12/12,12,572,27,,,,,
2012/12/12,13,580,26,,,,,
2012/12/12,14,608,24,,,,,
2012/12/12,15,586,26,,,,,
2012/12/12,16,520,24,,,,,
2012/12/12,17,584,21,,,,,
2012/12/12,18,546,17,,,,,
2012/12/12,19,618,20,,,,,
2012/12/12,20,590,12,,,,,
2012/12/12,21,252,2,,,,,
2012/12/12,22,58,0,,,,,
2012/12/12,23,74,0,,,,,
2012/12/12,24,64,0,,,,,
2012/12/13,01,68,2,,,,,
2012/12/13,02,32,0,,,,,
2012/12/13,03,32,0,,,,,
2012/12/13,04,30,0,,,,,
2012/12/13,05,30,0,,,,,
2012/12/13,06,32,0,,,,,
2012/12/13,07,30,2,,,,,
2012/12/13,08,32,0,,,,,
2012/12/13,09,40,2,,,,,
2012/12/13,10,138,6,,,,,
2012/12/13,11,566,35,,,,,
2012/12/13,12,564,29,,,,,
2012/12/13,13,602,26,,,,,
2012/12/13,14,612,26,,,,,
2012/12/13,15,588,24,,,,,
2012/12/13,16,522,26,,,,,
2012/12/13,17,566,21,,,,,
2012/12/13,18,572,17,,,,,
2012/12/13,19,568,15,,,,,
2012/12/13,20,588,15,,,,,
2012/12/13,21,226,6,,,,,
2012/12/13,22,34,0,,,,,
2012/12/13,23,32,0,,,,,
2012/12/13,24,28,0,,,,,
2012/12/14,01,30,0,,,,,
2012/12/14,02,28,0,,,,,
2012/12/14,03,30,0,,,,,
2012/12/14,04,32,0,,,,,
2012/12/14,05,30,0,,,,,
2012/12/14,06,30,0,,,,,
2012/12/14,07,32,2,,,,,
2012/12/14,08,28,0,,,,,
2012/12/14,09,84,12,,,,,
2012/12/14,10,336,38,,,,,
2012/12/14,11,580,27,,,,,
2012/12/14,12,586,24,,,,,
2012/12/14,13,628,26,,,,,
2012/12/14,14,622,26,,,,,
2012/12/14,15,584,24,,,,,
2012/12/14,16,566,23,,,,,
2012/12/14,17,590,18,,,,,
2012/12/14,18,536,18,,,,,
2012/12/14,19,552,18,,,,,
2012/12/14,20,556,17,,,,,
2012/12/14,21,346,5,,,,,
2012/12/14,22,156,0,,,,,
2012/12/14,23,70,2,,,,,
2012/12/14,24,28,0,,,,,
2012/12/15,01,28,0,,,,,
2012/12/15,02,30,0,,,,,
2012/12/15,03,30,0,,,,,
2012/12/15,04,30,2,,,,,
2012/12/15,05,28,0,,,,,
2012/12/15,06,30,0,,,,,
2012/12/15,07,30,0,,,,,
2012/12/15,08,32,0,,,,,
2012/12/15,09,44,2,,,,,
2012/12/15,10,328,17,,,,,
2012/12/15,11,616,27,,,,,
2012/12/15,12,564,26,,,,,
2012/12/15,13,576,24,,,,,
2012/12/15,14,592,23,,,,,
2012/12/15,15,604,23,,,,,
2012/12/15,16,612,20,,,,,
2012/12/15,17,620,18,,,,,
2012/12/15,18,604,14,,,,,
2012/12/15,19,586,12,,,,,
2012/12/15,20,596,12,,,,,
2012/12/15,21,424,9,,,,,
2012/12/15,22,102,3,,,,,
2012/12/15,23,44,0,,,,,
2012/12/15,24,30,0,,,,,
2012/12/16,01,28,0,,,,,
2012/12/16,02,30,0,,,,,
2012/12/16,03,32,0,,,,,
2012/12/16,04,28,0,,,,,
2012/12/16,05,30,0,,,,,
2012/12/16,06,28,0,,,,,
2012/12/16,07,32,0,,,,,
2012/12/16,08,30,0,,,,,
2012/12/16,09,44,2,,,,,
2012/12/16,10,216,2,,,,,
2012/12/16,11,616,29,,,,,
2012/12/16,12,554,24,,,,,
2012/12/16,13,582,23,,,,,
2012/12/16,14,548,18,,,,,
2012/12/16,15,504,12,,,,,
2012/12/16,16,538,14,,,,,
2012/12/16,17,522,11,,,,,
2012/12/16,18,542,9,,,,,
2012/12/16,19,532,9,,,,,
2012/12/16,20,562,8,,,,,
2012/12/16,21,312,2,,,,,
2012/12/16,22,96,0,,,,,
2012/12/16,23,60,2,,,,,
2012/12/16,24,54,0,,,,,
2012/12/17,01,32,0,,,,,
2012/12/17,02,34,2,,,,,
2012/12/17,03,34,0,,,,,
2012/12/17,04,32,0,,,,,
2012/12/17,05,30,0,,,,,
2012/12/17,06,32,0,,,,,
2012/12/17,07,34,2,,,,,
2012/12/17,08,30,0,,,,,
2012/12/17,09,44,2,,,,,
2012/12/17,10,220,3,,,,,
2012/12/17,11,552,26,,,,,
2012/12/17,12,540,24,,,,,
2012/12/17,13,554,20,,,,,
2012/12/17,14,562,20,,,,,
2012/12/17,15,516,18,,,,,
2012/12/17,16,552,14,,,,,
2012/12/17,17,534,12,,,,,
2012/12/17,18,568,12,,,,,
2012/12/17,19,462,5,,,,,
2012/12/17,20,516,2,,,,,
2012/12/17,21,238,2,,,,,
2012/12/17,22,62,0,,,,,
2012/12/17,23,58,0,,,,,
2012/12/17,24,42,0,,,,,
2012/12/18,01,32,0,,,,,
2012/12/18,02,32,0,,,,,
2012/12/18,03,28,2,,,,,
2012/12/18,04,28,0,,,,,
2012/12/18,05,30,2,,,,,
2012/12/18,06,32,0,,,,,
2012/12/18,07,28,0,,,,,
2012/12/18,08,28,0,,,,,
2012/12/18,09,46,0,,,,,
2012/12/18,10,234,9,,,,,
2012/12/18,11,616,26,,,,,
2012/12/18,12,586,24,,,,,
2012/12/18,13,564,23,,,,,
2012/12/18,14,578,23,,,,,
2012/12/18,15,522,15,,,,,
2012/12/18,16,504,12,,,,,
2012/12/18,17,470,3,,,,,
2012/12/18,18,464,3,,,,,
2012/12/18,19,446,2,,,,,
2012/12/18,20,456,2,,,,,
2012/12/18,21,162,2,,,,,
2012/12/18,22,34,0,,,,,
2012/12/18,23,30,0,,,,,
2012/12/18,24,28,0,,,,,
2012/12/19,01,30,2,,,,,
2012/12/19,02,28,0,,,,,
2012/12/19,03,32,2,,,,,
2012/12/19,04,28,0,,,,,
2012/12/19,05,32,0,,,,,
2012/12/19,06,30,0,,,,,
2012/12/19,07,30,0,,,,,
2012/12/19,08,32,0,,,,,
2012/12/19,09,36,0,,,,,
2012/12/19,10,184,2,,,,,
2012/12/19,11,624,35,,,,,
2012/12/19,12,620,27,,,,,
2012/12/19,13,622,24,,,,,
2012/12/19,14,606,21,,,,,
2012/12/19,15,414,3,,,,,
2012/12/19,16,424,2,,,,,
2012/12/19,17,450,3,,,,,
2012/12/19,18,498,2,,,,,
2012/12/19,19,478,2,,,,,
2012/12/19,20,458,2,,,,,
2012/12/19,21,310,2,,,,,
2012/12/19,22,90,2,,,,,
2012/12/19,23,86,0,,,,,
2012/12/19,24,56,2,,,,,
2012/12/20,01,32,0,,,,,
2012/12/20,02,32,0,,,,,
2012/12/20,03,30,0,,,,,
2012/12/20,04,30,0,,,,,
2012/12/20,05,30,0,,,,,
2012/12/20,06,28,0,,,,,
2012/12/20,07,34,2,,,,,
2012/12/20,08,28,0,,,,,
2012/12/20,09,36,0,,,,,
2012/12/20,10,202,6,,,,,
2012/12/20,11,570,36,,,,,
2012/12/20,12,604,29,,,,,
2012/12/20,13,644,27,,,,,
2012/12/20,14,572,26,,,,,
2012/12/20,15,582,26,,,,,
2012/12/20,16,516,24,,,,,
2012/12/20,17,588,23,,,,,
2012/12/20,18,674,21,,,,,
2012/12/20,19,644,21,,,,,
2012/12/20,20,618,15,,,,,
2012/12/20,21,238,8,,,,,
2012/12/20,22,80,2,,,,,
2012/12/20,23,74,0,,,,,
2012/12/20,24,76,2,,,,,
2012/12/21,01,32,0,,,,,
2012/12/21,02,32,0,,,,,
2012/12/21,03,28,0,,,,,
2012/12/21,04,30,0,,,,,
2012/12/21,05,30,0,,,,,
2012/12/21,06,30,2,,,,,
2012/12/21,07,32,0,,,,,
2012/12/21,08,28,2,,,,,
2012/12/21,09,40,0,,,,,
2012/12/21,10,170,5,,,,,
2012/12/21,11,588,35,,,,,
2012/12/21,12,552,27,,,,,
2012/12/21,13,630,26,,,,,
2012/12/21,14,496,8,,,,,
2012/12/21,15,470,3,,,,,
2012/12/21,16,492,2,,,,,
2012/12/21,17,590,29,,,,,
2012/12/21,18,608,23,,,,,
2012/12/21,19,578,23,,,,,
2012/12/21,20,644,21,,,,,
2012/12/21,21,270,8,,,,,
2012/12/21,22,64,0,,,,,
2012/12/21,23,28,0,,,,,
2012/12/21,24,32,0,,,,,
2012/12/22,01,28,0,,,,,
2012/12/22,02,30,0,,,,,
2012/12/22,03,32,0,,,,,
2012/12/22,04,30,2,,,,,
2012/12/22,05,30,0,,,,,
2012/12/22,06,30,2,,,,,
2012/12/22,07,28,0,,,,,
2012/12/22,08,30,0,,,,,
2012/12/22,09,38,2,,,,,
2012/12/22,10,190,2,,,,,
2012/12/22,11,624,30,,,,,
2012/12/22,12,658,27,,,,,
2012/12/22,13,640,24,,,,,
2012/12/22,14,546,27,,,,,
2012/12/22,15,552,24,,,,,
2012/12/22,16,610,24,,,,,
2012/12/22,17,642,24,,,,,
2012/12/22,18,622,23,,,,,
2012/12/22,19,582,20,,,,,
2012/12/22,20,562,21,,,,,
2012/12/22,21,140,2,,,,,
2012/12/22,22,40,0,,,,,
2012/12/22,23,32,2,,,,,
2012/12/22,24,30,0,,,,,
2012/12/23,01,28,2,,,,,
2012/12/23,02,32,0,,,,,
2012/12/23,03,30,0,,,,,
2012/12/23,04,32,0,,,,,
2012/12/23,05,30,0,,,,,
2012/12/23,06,32,0,,,,,
2012/12/23,07,32,2,,,,,
2012/12/23,08,34,0,,,,,
2012/12/23,09,54,2,,,,,
2012/12/23,10,136,2,,,,,
2012/12/23,11,284,15,,,,,
2012/12/23,12,598,26,,,,,
2012/12/23,13,628,27,,,,,
2012/12/23,14,550,26,,,,,
2012/12/23,15,616,26,,,,,
2012/12/23,16,528,24,,,,,
2012/12/23,17,630,23,,,,,
2012/12/23,18,608,20,,,,,
2012/12/23,19,542,18,,,,,
2012/12/23,20,544,14,,,,,
2012/12/23,21,354,14,,,,,
2012/12/23,22,58,2,,,,,
2012/12/23,23,44,0,,,,,
2012/12/23,24,34,2,,,,,
2012/12/24,01,32,0,,,,,
2012/12/24,02,32,0,,,,,
2012/12/24,03,32,0,,,,,
2012/12/24,04,30,0,,,,,
2012/12/24,05,30,0,,,,,
2012/12/24,06,32,0,,,,,
2012/12/24,07,32,0,,,,,
2012/12/24,08,32,0,,,,,
2012/12/24,09,40,0,,,,,
2012/12/24,10,280,2,,,,,
2012/12/24,11,626,27,,,,,
2012/12/24,12,564,27,,,,,
2012/12/24,13,578,27,,,,,
2012/12/24,14,604,26,,,,,
2012/12/24,15,536,24,,,,,
2012/12/24,16,590,26,,,,,
2012/12/24,17,580,24,,,,,
2012/12/24,18,664,24,,,,,
2012/12/24,19,594,21,,,,,
2012/12/24,20,592,18,,,,,
2012/12/24,21,214,2,,,,,
2012/12/24,22,66,0,,,,,
2012/12/24,23,58,2,,,,,
2012/12/24,24,48,0,,,,,
2012/12/25,01,44,0,,,,,
2012/12/25,02,30,2,,,,,
2012/12/25,03,30,0,,,,,
2012/12/25,04,30,2,,,,,
2012/12/25,05,34,0,,,,,
2012/12/25,06,32,0,,,,,
2012/12/25,07,28,0,,,,,
2012/12/25,08,30,0,,,,,
2012/12/25,09,48,2,,,,,
2012/12/25,10,190,2,,,,,
2012/12/25,11,626,39,,,,,
2012/12/25,12,606,26,,,,,
2012/12/25,13,650,29,,,,,
2012/12/25,14,626,27,,,,,
2012/12/25,15,572,26,,,,,
2012/12/25,16,528,24,,,,,
2012/12/25,17,588,24,,,,,
2012/12/25,18,652,23,,,,,
2012/12/25,19,592,21,,,,,
2012/12/25,20,584,21,,,,,
2012/12/25,21,252,3,,,,,
2012/12/25,22,42,2,,,,,
2012/12/25,23,40,0,,,,,
2012/12/25,24,44,2,,,,,
2012/12/26,01,46,0,,,,,
2012/12/26,02,42,0,,,,,
2012/12/26,03,50,0,,,,,
2012/12/26,04,48,0,,,,,
2012/12/26,05,52,0,,,,,
2012/12/26,06,48,2,,,,,
2012/12/26,07,52,0,,,,,
2012/12/26,08,56,0,,,,,
2012/12/26,09,66,2,,,,,
2012/12/26,10,288,2,,,,,
2012/12/26,11,604,30,,,,,
2012/12/26,12,620,30,,,,,
2012/12/26,13,612,27,,,,,
2012/12/26,14,558,27,,,,,
2012/12/26,15,628,26,,,,,
2012/12/26,16,586,26,,,,,
2012/12/26,17,626,26,,,,,
2012/12/26,18,654,23,,,,,
2012/12/26,19,662,24,,,,,
2012/12/26,20,596,23,,,,,
2012/12/26,21,210,8,,,,,
2012/12/26,22,86,2,,,,,
2012/12/26,23,70,0,,,,,
2012/12/26,24,82,2,,,,,
2012/12/27,01,72,0,,,,,
2012/12/27,02,60,2,,,,,
2012/12/27,03,54,0,,,,,
2012/12/27,04,32,0,,,,,
2012/12/27,05,30,0,,,,,
2012/12/27,06,28,0,,,,,
2012/12/27,07,34,0,,,,,
2012/12/27,08,32,2,,,,,
2012/12/27,09,72,9,,,,,
2012/12/27,10,462,21,,,,,
2012/12/27,11,684,38,,,,,
2012/12/27,12,676,32,,,,,
2012/12/27,13,676,29,,,,,
2012/12/27,14,634,27,,,,,
2012/12/27,15,650,26,,,,,
2012/12/27,16,606,27,,,,,
2012/12/27,17,644,26,,,,,
2012/12/27,18,600,26,,,,,
2012/12/27,19,606,26,,,,,
2012/12/27,20,668,21,,,,,
2012/12/27,21,236,9,,,,,
2012/12/27,22,38,2,,,,,
2012/12/27,23,34,0,,,,,
2012/12/27,24,30,0,,,,,
2012/12/28,01,28,2,,,,,
2012/12/28,02,30,0,,,,,
2012/12/28,03,32,2,,,,,
2012/12/28,04,30,0,,,,,
2012/12/28,05,30,0,,,,,
2012/12/28,06,28,0,,,,,
2012/12/28,07,32,0,,,,,
2012/12/28,08,34,0,,,,,
2012/12/28,09,78,2,,,,,
2012/12/28,10,470,11,,,,,
2012/12/28,11,674,35,,,,,
2012/12/28,12,598,32,,,,,
2012/12/28,13,610,27,,,,,
2012/12/28,14,684,27,,,,,
2012/12/28,15,670,27,,,,,
2012/12/28,16,622,26,,,,,
2012/12/28,17,700,26,,,,,
2012/12/28,18,672,24,,,,,
2012/12/28,19,638,24,,,,,
2012/12/28,20,660,20,,,,,
2012/12/28,21,256,6,,,,,
2012/12/28,22,70,0,,,,,
2012/12/28,23,30,2,,,,,
2012/12/28,24,28,0,,,,,
2012/12/29,01,30,2,,,,,
2012/12/29,02,30,0,,,,,
2012/12/29,03,32,0,,,,,
2012/12/29,04,30,0,,,,,
2012/12/29,05,34,0,,,,,
2012/12/29,06,30,0,,,,,
2012/12/29,07,32,0,,,,,
2012/12/29,08,28,0,,,,,
2012/12/29,09,50,2,,,,,
2012/12/29,10,450,8,,,,,
2012/12/29,11,614,33,,,,,
2012/12/29,12,628,27,,,,,
2012/12/29,13,684,27,,,,,
2012/12/29,14,606,26,,,,,
2012/12/29,15,580,26,,,,,
2012/12/29,16,646,26,,,,,
2012/12/29,17,668,26,,,,,
2012/12/29,18,668,23,,,,,
2012/12/29,19,598,23,,,,,
2012/12/29,20,560,15,,,,,
2012/12/29,21,284,5,,,,,
2012/12/29,22,66,0,,,,,
2012/12/29,23,30,2,,,,,
2012/12/29,24,30,0,,,,,
2012/12/30,01,30,0,,,,,
2012/12/30,02,28,0,,,,,
2012/12/30,03,30,0,,,,,
2012/12/30,04,34,0,,,,,
2012/12/30,05,32,0,,,,,
2012/12/30,06,34,0,,,,,
2012/12/30,07,30,2,,,,,
2012/12/30,08,34,0,,,,,
2012/12/30,09,48,2,,,,,
2012/12/30,10,412,11,,,,,
2012/12/30,11,594,30,,,,,
2012/12/30,12,592,26,,,,,
2012/12/30,13,542,26,,,,,
2012/12/30,14,568,24,,,,,
2012/12/30,15,572,24,,,,,
2012/12/30,16,470,5,,,,,
2012/12/30,17,478,3,,,,,
2012/12/30,18,534,14,,,,,
2012/12/30,19,648,23,,,,,
2012/12/30,20,514,14,,,,,
2012/12/30,21,264,2,,,,,
2012/12/30,22,36,2,,,,,
2012/12/30,23,32,0,,,,,
2012/12/30,24,30,2,,,,,
2012/12/31,01,28,0,,,,,
2012/12/31,02,30,0,,,,,
2012/12/31,03,32,0,,,,,
2012/12/31,04,32,0,,,,,
2012/12/31,05,32,0,,,,,
2012/12/31,06,32,0,,,,,
2012/12/31,07,30,0,,,,,
2012/12/31,08,30,2,,,,,
2012/12/31,09,68,0,,,,,
2012/12/31,10,512,17,,,,,
2012/12/31,11,622,29,,,,,
2012/12/31,12,616,26,,,,,
2012/12/31,13,570,26,,,,,
2012/12/31,14,516,8,,,,,
2012/12/31,15,492,3,,,,,
2012/12/31,16,464,3,,,,,
2012/12/31,17,520,15,,,,,
2012/12/31,18,638,26,,,,,
2012/12/31,19,586,17,,,,,
2012/12/31,20,632,20,,,,,
2012/12/31,21,330,2,,,,,
2012/12/31,22,134,2,,,,,
2012/12/31,23,76,0,,,,,
2012/12/31,24,32,2,,,,,
2013/01/01,01,32,0,,,,,
2013/01/01,02,32,2,,,,,
2013/01/01,03,32,0,,,,,
2013/01/01,04,30,0,,,,,
2013/01/01,05,30,0,,,,,
2013/01/01,06,28,0,,,,,
2013/01/01,07,32,0,,,,,
2013/01/01,08,34,2,,,,,
2013/01/01,09,66,0,,,,,
2013/01/01,10,62,2,,,,,
2013/01/01,11,310,12,,,,,
2013/01/01,12,562,33,,,,,
2013/01/01,13,590,27,,,,,
2013/01/01,14,564,26,,,,,
2013/01/01,15,624,26,,,,,
2013/01/01,16,562,24,,,,,
2013/01/01,17,636,24,,,,,
2013/01/01,18,626,23,,,,,
2013/01/01,19,560,20,,,,,
2013/01/01,20,222,3,,,,,
2013/01/01,21,50,0,,,,,
2013/01/01,22,34,2,,,,,
2013/01/01,23,28,0,,,,,
2013/01/01,24,32,2,,,,,
2013/01/02,01,28,0,,,,,
2013/01/02,02,34,0,,,,,
2013/01/02,03,30,0,,,,,
2013/01/02,04,28,0,,,,,
2013/01/02,05,28,0,,,,,
2013/01/02,06,28,2,,,,,
2013/01/02,07,28,0,,,,,
2013/01/02,08,32,2,,,,,
2013/01/02,09,46,0,,,,,
2013/01/02,10,234,9,,,,,
2013/01/02,11,596,36,,,,,
2013/01/02,12,594,29,,,,,
2013/01/02,13,646,26,,,,,
2013/01/02,14,580,24,,,,,
2013/01/02,15,566,26,,,,,
2013/01/02,16,582,23,,,,,
2013/01/02,17,646,20,,,,,
2013/01/02,18,574,20,,,,,
2013/01/02,19,652,18,,,,,
2013/01/02,20,614,15,,,,,
2013/01/02,21,170,2,,,,,
2013/01/02,22,70,0,,,,,
2013/01/02,23,60,2,,,,,
2013/01/02,24,60,0,,,,,
2013/01/03,01,42,2,,,,,
2013/01/03,02,34,0,,,,,
2013/01/03,03,30,0,,,,,
2013/01/03,04,32,0,,,,,
2013/01/03,05,28,0,,,,,
2013/01/03,06,32,0,,,,,
2013/01/03,07,32,2,,,,,
2013/01/03,08,34,0,,,,,
2013/01/03,09,36,2,,,,,
2013/01/03,10,232,11,,,,,
2013/01/03,11,622,29,,,,,
2013/01/03,12,570,26,,,,,
2013/01/03,13,568,26,,,,,
2013/01/03,14,526,26,,,,,
2013/01/03,15,516,24,,,,,
2013/01/03,16,518,23,,,,,
2013/01/03,17,550,12,,,,,
2013/01/03,18,530,3,,,,,
2013/01/03,19,516,2,,,,,
2013/01/03,20,496,2,,,,,
2013/01/03,21,218,2,,,,,
2013/01/03,22,34,0,,,,,
2013/01/03,23,32,2,,,,,
2013/01/03,24,32,0,,,,,
2013/01/04,01,30,0,,,,,
2013/01/04,02,28,2,,,,,
2013/01/04,03,30,0,,,,,
2013/01/04,04,30,0,,,,,
2013/01/04,05,28,0,,,,,
2013/01/04,06,32,0,,,,,
2013/01/04,07,28,0,,,,,
2013/01/04,08,28,0,,,,,
2013/01/04,09,54,2,,,,,
2013/01/04,10,288,15,,,,,
2013/01/04,11,664,39,,,,,
2013/01/04,12,614,33,,,,,
2013/01/04,13,590,29,,,,,
2013/01/04,14,650,29,,,,,
2013/01/04,15,610,27,,,,,
2013/01/04,16,628,26,,,,,
2013/01/04,17,664,26,,,,,
2013/01/04,18,584,24,,,,,
2013/01/04,19,570,24,,,,,
2013/01/04,20,652,24,,,,,
2013/01/04,21,202,2,,,,,
2013/01/04,22,118,0,,,,,
2013/01/04,23,130,0,,,,,
2013/01/04,24,58,0,,,,,
2013/01/05,01,32,0,,,,,
2013/01/05,02,28,0,,,,,
2013/01/05,03,32,0,,,,,
2013/01/05,04,32,2,,,,,
2013/01/05,05,32,0,,,,,
2013/01/05,06,32,0,,,,,
2013/01/05,07,30,0,,,,,
2013/01/05,08,30,0,,,,,
2013/01/05,09,50,2,,,,,
2013/01/05,10,244,18,,,,,
2013/01/05,11,624,41,,,,,
2013/01/05,12,600,35,,,,,
2013/01/05,13,624,32,,,,,
2013/01/05,14,692,29,,,,,
2013/01/05,15,608,27,,,,,
2013/01/05,16,678,27,,,,,
2013/01/05,17,744,26,,,,,
2013/01/05,18,702,26,,,,,
2013/01/05,19,634,23,,,,,
2013/01/05,20,682,23,,,,,
2013/01/05,21,224,8,,,,,
2013/01/05,22,32,0,,,,,
2013/01/05,23,30,0,,,,,
2013/01/05,24,28,0,,,,,
2013/01/06,01,34,0,,,,,
2013/01/06,02,28,0,,,,,
2013/01/06,03,28,0,,,,,
2013/01/06,04,30,0,,,,,
2013/01/06,05,30,0,,,,,
2013/01/06,06,32,0,,,,,
2013/01/06,07,28,0,,,,,
2013/01/06,08,28,0,,,,,
2013/01/06,09,60,2,,,,,
2013/01/06,10,308,15,,,,,
2013/01/06,11,788,41,,,,,
2013/01/06,12,642,33,,,,,
2013/01/06,13,668,30,,,,,
2013/01/06,14,628,27,,,,,
2013/01/06,15,618,27,,,,,
2013/01/06,16,600,26,,,,,
2013/01/06,17,606,26,,,,,
2013/01/06,18,626,26,,,,,
2013/01/06,19,614,23,,,,,
2013/01/06,20,598,21,,,,,
2013/01/06,21,266,9,,,,,
2013/01/06,22,52,2,,,,,
2013/01/06,23,34,0,,,,,
2013/01/06,24,32,2,,,,,
2013/01/07,01,30,0,,,,,
2013/01/07,02,34,2,,,,,
2013/01/07,03,32,0,,,,,
2013/01/07,04,32,0,,,,,
2013/01/07,05,30,2,,,,,
2013/01/07,06,30,0,,,,,
2013/01/07,07,32,0,,,,,
2013/01/07,08,30,0,,,,,
2013/01/07,09,46,0,,,,,
2013/01/07,10,178,2,,,,,
2013/01/07,11,451,2,,,,,
2013/01/07,12,572,29,,,,,
2013/01/07,13,566,27,,,,,
2013/01/07,14,586,26,,,,,
2013/01/07,15,540,27,,,,,
2013/01/07,16,562,26,,,,,
2013/01/07,17,624,24,,,,,
2013/01/07,18,618,21,,,,,
2013/01/07,19,582,23,,,,,
2013/01/07,20,576,23,,,,,
2013/01/07,21,190,2,,,,,
2013/01/07,22,44,0,,,,,
2013/01/07,23,34,0,,,,,
2013/01/07,24,28,0,,,,,
2013/01/08,01,32,0,,,,,
2013/01/08,02,28,0,,,,,
2013/01/08,03,32,0,,,,,
2013/01/08,04,30,0,,,,,
2013/01/08,05,32,2,,,,,
2013/01/08,06,32,0,,,,,
2013/01/08,07,30,0,,,,,
2013/01/08,08,32,0,,,,,
2013/01/08,09,46,0,,,,,
2013/01/08,10,426,23,,,,,
2013/01/08,11,772,32,,,,,
2013/01/08,12,712,27,,,,,
2013/01/08,13,676,27,,,,,
2013/01/08,14,636,26,,,,,
2013/01/08,15,596,26,,,,,
2013/01/08,16,614,24,,,,,
2013/01/08,17,598,24,,,,,
2013/01/08,18,594,24,,,,,
2013/01/08,19,652,21,,,,,
2013/01/08,20,608,17,,,,,
2013/01/08,21,200,5,,,,,
2013/01/08,22,36,0,,,,,
2013/01/08,23,32,0,,,,,
2013/01/08,24,34,2,,,,,
2013/01/09,01,34,0,,,,,
2013/01/09,02,30,2,,,,,
2013/01/09,03,34,0,,,,,
2013/01/09,04,30,0,,,,,
2013/01/09,05,34,0,,,,,
2013/01/09,06,30,0,,,,,
2013/01/09,07,30,0,,,,,
2013/01/09,08,30,2,,,,,
2013/01/09,09,44,0,,,,,
2013/01/09,10,332,14,,,,,
2013/01/09,11,606,30,,,,,
2013/01/09,12,582,27,,,,,
2013/01/09,13,540,26,,,,,
2013/01/09,14,570,24,,,,,
2013/01/09,15,556,23,,,,,
2013/01/09,16,520,24,,,,,
2013/01/09,17,610,18,,,,,
2013/01/09,18,584,21,,,,,
2013/01/09,19,544,21,,,,,
2013/01/09,20,610,18,,,,,
2013/01/09,21,242,6,,,,,
2013/01/09,22,60,2,,,,,
2013/01/09,23,30,0,,,,,
2013/01/09,24,32,0,,,,,
2013/01/10,01,32,0,,,,,
2013/01/10,02,30,0,,,,,
2013/01/10,03,28,2,,,,,
2013/01/10,04,30,0,,,,,
2013/01/10,05,30,0,,,,,
2013/01/10,06,30,2,,,,,
2013/01/10,07,32,0,,,,,
2013/01/10,08,30,0,,,,,
2013/01/10,09,38,0,,,,,
2013/01/10,10,228,2,,,,,
2013/01/10,11,622,36,,,,,
2013/01/10,12,554,29,,,,,
2013/01/10,13,604,26,,,,,
2013/01/10,14,526,24,,,,,
2013/01/10,15,594,24,,,,,
2013/01/10,16,562,24,,,,,
2013/01/10,17,644,26,,,,,
2013/01/10,18,694,23,,,,,
2013/01/10,19,664,23,,,,,
2013/01/10,20,568,8,,,,,
2013/01/10,21,244,2,,,,,
2013/01/10,22,32,0,,,,,
2013/01/10,23,30,0,,,,,
2013/01/10,24,30,0,,,,,
2013/01/11,01,28,0,,,,,
2013/01/11,02,28,2,,,,,
2013/01/11,03,32,0,,,,,
2013/01/11,04,32,0,,,,,
2013/01/11,05,32,0,,,,,
2013/01/11,06,30,0,,,,,
2013/01/11,07,30,0,,,,,
2013/01/11,08,30,0,,,,,
2013/01/11,09,48,0,,,,,
2013/01/11,10,274,3,,,,,
2013/01/11,11,772,39,,,,,
2013/01/11,12,654,29,,,,,
2013/01/11,13,636,29,,,,,
2013/01/11,14,640,26,,,,,
2013/01/11,15,606,27,,,,,
2013/01/11,16,600,24,,,,,
2013/01/11,17,648,24,,,,,
2013/01/11,18,680,24,,,,,
2013/01/11,19,672,21,,,,,
2013/01/11,20,668,21,,,,,
2013/01/11,21,280,3,,,,,
2013/01/11,22,78,0,,,,,
2013/01/11,23,38,0,,,,,
2013/01/11,24,38,0,,,,,
2013/01/12,01,40,0,,,,,
2013/01/12,02,32,0,,,,,
2013/01/12,03,38,0,,,,,
2013/01/12,04,38,2,,,,,
2013/01/12,05,34,0,,,,,
2013/01/12,06,34,0,,,,,
2013/01/12,07,36,0,,,,,
2013/01/12,08,34,0,,,,,
2013/01/12,09,60,2,,,,,
2013/01/12,10,210,3,,,,,
2013/01/12,11,762,42,,,,,
2013/01/12,12,720,32,,,,,
2013/01/12,13,696,29,,,,,
2013/01/12,14,684,27,,,,,
2013/01/12,15,662,27,,,,,
2013/01/12,16,572,26,,,,,
2013/01/12,17,590,26,,,,,
2013/01/12,18,650,21,,,,,
2013/01/12,19,570,20,,,,,
2013/01/12,20,598,21,,,,,
2013/01/12,21,408,12,,,,,
2013/01/12,22,56,0,,,,,
2013/01/12,23,32,2,,,,,
2013/01/12,24,30,0,,,,,
2013/01/13,01,32,0,,,,,
2013/01/13,02,28,0,,,,,
2013/01/13,03,30,0,,,,,
2013/01/13,04,30,0,,,,,
2013/01/13,05,28,0,,,,,
2013/01/13,06,30,0,,,,,
2013/01/13,07,30,2,,,,,
2013/01/13,08,32,0,,,,,
2013/01/13,09,56,0,,,,,
2013/01/13,10,202,2,,,,,
2013/01/13,11,788,38,,,,,
2013/01/13,12,626,30,,,,,
2013/01/13,13,636,27,,,,,
2013/01/13,14,482,9,,,,,
2013/01/13,15,614,23,,,,,
2013/01/13,16,626,26,,,,,
2013/01/13,17,560,20,,,,,
2013/01/13,18,666,20,,,,,
2013/01/13,19,626,18,,,,,
2013/01/13,20,576,17,,,,,
2013/01/13,21,260,6,,,,,
2013/01/13,22,32,0,,,,,
2013/01/13,23,32,2,,,,,
2013/01/13,24,28,0,,,,,
2013/01/14,01,28,0,,,,,
2013/01/14,02,30,2,,,,,
2013/01/14,03,28,0,,,,,
2013/01/14,04,30,2,,,,,
2013/01/14,05,28,0,,,,,
2013/01/14,06,30,0,,,,,
2013/01/14,07,34,0,,,,,
2013/01/14,08,32,0,,,,,
2013/01/14,09,54,0,,,,,
2013/01/14,10,428,20,,,,,
2013/01/14,11,668,29,,,,,
2013/01/14,12,634,24,,,,,
2013/01/14,13,698,26,,,,,
2013/01/14,14,714,24,,,,,
2013/01/14,15,620,24,,,,,
2013/01/14,16,652,27,,,,,
2013/01/14,17,666,24,,,,,
2013/01/14,18,738,24,,,,,
2013/01/14,19,746,26,,,,,
2013/01/14,20,538,8,,,,,
2013/01/14,21,158,6,,,,,
2013/01/14,22,42,3,,,,,
2013/01/14,23,38,5,,,,,
2013/01/14,24,38,5,,,,,
2013/01/15,01,36,5,,,,,
2013/01/15,02,36,5,,,,,
2013/01/15,03,34,3,,,,,
2013/01/15,04,36,5,,,,,
2013/01/15,05,36,5,,,,,
2013/01/15,06,38,5,,,,,
2013/01/15,07,36,5,,,,,
2013/01/15,08,42,5,,,,,
2013/01/15,09,44,5,,,,,
2013/01/15,10,266,11,,,,,
2013/01/15,11,790,44,,,,,
2013/01/15,12,650,33,,,,,
2013/01/15,13,678,30,,,,,
2013/01/15,14,722,29,,,,,
2013/01/15,15,684,27,,,,,
2013/01/15,16,660,26,,,,,
2013/01/15,17,702,26,,,,,
2013/01/15,18,732,24,,,,,
2013/01/15,19,656,24,,,,,
2013/01/15,20,692,24,,,,,
2013/01/15,21,128,2,,,,,
2013/01/15,22,30,2,,,,,
2013/01/15,23,34,2,,,,,
2013/01/15,24,30,2,,,,,
2013/01/16,01,28,2,,,,,
2013/01/16,02,34,2,,,,,
2013/01/16,03,32,2,,,,,
2013/01/16,04,32,2,,,,,
2013/01/16,05,28,2,,,,,
2013/01/16,06,28,2,,,,,
2013/01/16,07,36,2,,,,,
2013/01/16,08,30,2,,,,,
2013/01/16,09,52,5,,,,,
2013/01/16,10,300,29,,,,,
2013/01/16,11,658,42,,,,,
2013/01/16,12,658,33,,,,,
2013/01/16,13,718,32,,,,,
2013/01/16,14,660,29,,,,,
2013/01/16,15,672,27,,,,,
2013/01/16,16,650,26,,,,,
2013/01/16,17,694,26,,,,,
2013/01/16,18,664,26,,,,,
2013/01/16,19,608,23,,,,,
2013/01/16,20,542,2,,,,,
2013/01/16,21,278,2,,,,,
2013/01/16,22,56,2,,,,,
2013/01/16,23,30,2,,,,,
2013/01/16,24,30,2,,,,,
2013/01/17,01,28,2,,,,,
2013/01/17,02,28,2,,,,,
2013/01/17,03,30,2,,,,,
2013/01/17,04,32,2,,,,,
2013/01/17,05,34,2,,,,,
2013/01/17,06,32,2,,,,,
2013/01/17,07,32,2,,,,,
2013/01/17,08,30,2,,,,,
2013/01/17,09,48,2,,,,,
2013/01/17,10,340,17,,,,,
2013/01/17,11,722,44,,,,,
2013/01/17,12,730,35,,,,,
2013/01/17,13,638,32,,,,,
2013/01/17,14,636,29,,,,,
2013/01/17,15,626,26,,,,,
2013/01/17,16,702,26,,,,,
2013/01/17,17,662,26,,,,,
2013/01/17,18,630,24,,,,,
2013/01/17,19,686,26,,,,,
2013/01/17,20,632,24,,,,,
2013/01/17,21,194,2,,,,,
2013/01/17,22,30,2,,,,,
2013/01/17,23,30,2,,,,,
2013/01/17,24,32,2,,,,,
2013/01/18,01,28,2,,,,,
2013/01/18,02,28,2,,,,,
2013/01/18,03,30,2,,,,,
2013/01/18,04,30,2,,,,,
2013/01/18,05,32,2,,,,,
2013/01/18,06,28,2,,,,,
2013/01/18,07,32,2,,,,,
2013/01/18,08,30,2,,,,,
2013/01/18,09,46,2,,,,,
2013/01/18,10,226,5,,,,,
2013/01/18,11,788,48,,,,,
2013/01/18,12,766,36,,,,,
2013/01/18,13,696,32,,,,,
2013/01/18,14,696,30,,,,,
2013/01/18,15,702,27,,,,,
2013/01/18,16,658,27,,,,,
2013/01/18,17,644,26,,,,,
2013/01/18,18,720,26,,,,,
2013/01/18,19,632,24,,,,,
2013/01/18,20,622,24,,,,,
2013/01/18,21,290,11,,,,,
2013/01/18,22,44,2,,,,,
2013/01/18,23,32,2,,,,,
2013/01/18,24,30,2,,,,,
2013/01/19,01,28,2,,,,,
2013/01/19,02,30,2,,,,,
2013/01/19,03,32,2,,,,,
2013/01/19,04,32,2,,,,,
2013/01/19,05,28,2,,,,,
2013/01/19,06,30,2,,,,,
2013/01/19,07,32,2,,,,,
2013/01/19,08,28,2,,,,,
2013/01/19,09,46,2,,,,,
2013/01/19,10,272,15,,,,,
2013/01/19,11,664,45,,,,,
2013/01/19,12,624,33,,,,,
2013/01/19,13,566,30,,,,,
2013/01/19,14,568,29,,,,,
2013/01/19,15,588,29,,,,,
2013/01/19,16,560,27,,,,,
2013/01/19,17,632,26,,,,,
2013/01/19,18,636,26,,,,,
2013/01/19,19,656,23,,,,,
2013/01/19,20,620,24,,,,,
2013/01/19,21,350,12,,,,,
2013/01/19,22,48,2,,,,,
2013/01/19,23,32,2,,,,,
2013/01/19,24,30,2,,,,,
2013/01/20,01,34,2,,,,,
2013/01/20,02,30,2,,,,,
2013/01/20,03,32,2,,,,,
2013/01/20,04,30,2,,,,,
2013/01/20,05,30,2,,,,,
2013/01/20,06,34,2,,,,,
2013/01/20,07,28,2,,,,,
2013/01/20,08,32,2,,,,,
2013/01/20,09,52,2,,,,,
2013/01/20,10,300,8,,,,,
2013/01/20,11,790,42,,,,,
2013/01/20,12,664,32,,,,,
2013/01/20,13,668,29,,,,,
2013/01/20,14,604,29,,,,,
2013/01/20,15,684,27,,,,,
2013/01/20,16,662,26,,,,,
2013/01/20,17,616,23,,,,,
2013/01/20,18,698,23,,,,,
2013/01/20,19,682,26,,,,,
2013/01/20,20,628,24,,,,,
2013/01/20,21,256,8,,,,,
2013/01/20,22,108,2,,,,,
2013/01/20,23,50,2,,,,,
2013/01/20,24,30,2,,,,,
2013/01/21,01,32,2,,,,,
2013/01/21,02,30,2,,,,,
2013/01/21,03,34,2,,,,,
2013/01/21,04,36,2,,,,,
2013/01/21,05,32,2,,,,,
2013/01/21,06,30,2,,,,,
2013/01/21,07,32,2,,,,,
2013/01/21,08,34,2,,,,,
2013/01/21,09,86,9,,,,,
2013/01/21,10,366,45,,,,,
2013/01/21,11,652,33,,,,,
2013/01/21,12,720,27,,,,,
2013/01/21,13,690,27,,,,,
2013/01/21,14,530,21,,,,,
2013/01/21,15,332,14,,,,,
2013/01/21,16,658,26,,,,,
2013/01/21,17,592,24,,,,,
2013/01/21,18,654,24,,,,,
2013/01/21,19,590,15,,,,,
2013/01/21,20,520,2,,,,,
2013/01/21,21,228,2,,,,,
2013/01/21,22,52,2,,,,,
2013/01/21,23,40,2,,,,,
2013/01/21,24,34,2,,,,,
2013/01/22,01,34,2,,,,,
2013/01/22,02,34,2,,,,,
2013/01/22,03,34,2,,,,,
2013/01/22,04,30,2,,,,,
2013/01/22,05,32,2,,,,,
2013/01/22,06,34,2,,,,,
2013/01/22,07,30,2,,,,,
2013/01/22,08,30,2,,,,,
2013/01/22,09,38,2,,,,,
2013/01/22,10,348,20,,,,,
2013/01/22,11,636,33,,,,,
2013/01/22,12,608,27,,,,,
2013/01/22,13,572,26,,,,,
2013/01/22,14,268,11,,,,,
2013/01/22,15,588,24,,,,,
2013/01/22,16,576,26,,,,,
2013/01/22,17,614,21,,,,,
2013/01/22,18,608,20,,,,,
2013/01/22,19,564,23,,,,,
2013/01/22,20,614,20,,,,,
2013/01/22,21,194,6,,,,,
2013/01/22,22,30,2,,,,,
2013/01/22,23,30,2,,,,,
2013/01/22,24,30,2,,,,,
2013/01/23,01,30,2,,,,,
2013/01/23,02,30,2,,,,,
2013/01/23,03,28,2,,,,,
2013/01/23,04,32,2,,,,,
2013/01/23,05,28,2,,,,,
2013/01/23,06,30,2,,,,,
2013/01/23,07,32,2,,,,,
2013/01/23,08,32,2,,,,,
2013/01/23,09,38,2,,,,,
2013/01/23,10,266,11,,,,,
2013/01/23,11,616,33,,,,,
2013/01/23,12,600,29,,,,,
2013/01/23,13,638,21,,,,,
2013/01/23,14,540,3,,,,,
2013/01/23,15,472,3,,,,,
2013/01/23,16,626,24,,,,,
2013/01/23,17,576,24,,,,,
2013/01/23,18,664,24,,,,,
2013/01/23,19,606,23,,,,,
2013/01/23,20,662,17,,,,,
2013/01/23,21,370,2,,,,,
2013/01/23,22,244,2,,,,,
2013/01/23,23,260,2,,,,,
2013/01/23,24,256,2,,,,,
2013/01/24,01,326,2,,,,,
2013/01/24,02,216,2,,,,,
2013/01/24,03,32,2,,,,,
2013/01/24,04,30,2,,,,,
2013/01/24,05,32,2,,,,,
2013/01/24,06,32,2,,,,,
2013/01/24,07,28,2,,,,,
2013/01/24,08,28,2,,,,,
2013/01/24,09,74,2,,,,,
2013/01/24,10,364,3,,,,,
2013/01/24,11,652,36,,,,,
2013/01/24,12,692,26,,,,,
2013/01/24,13,668,26,,,,,
2013/01/24,14,566,23,,,,,
2013/01/24,15,624,26,,,,,
2013/01/24,16,612,24,,,,,
2013/01/24,17,626,23,,,,,
2013/01/24,18,622,17,,,,,
2013/01/24,19,590,20,,,,,
2013/01/24,20,624,18,,,,,
2013/01/24,21,214,6,,,,,
2013/01/24,22,34,2,,,,,
2013/01/24,23,30,2,,,,,
2013/01/24,24,28,2,,,,,
2013/01/25,01,30,2,,,,,
2013/01/25,02,30,2,,,,,
2013/01/25,03,30,2,,,,,
2013/01/25,04,34,2,,,,,
2013/01/25,05,32,2,,,,,
2013/01/25,06,28,2,,,,,
2013/01/25,07,30,2,,,,,
2013/01/25,08,30,2,,,,,
2013/01/25,09,56,2,,,,,
2013/01/25,10,252,5,,,,,
2013/01/25,11,750,33,,,,,
2013/01/25,12,600,27,,,,,
2013/01/25,13,516,6,,,,,
2013/01/25,14,560,3,,,,,
2013/01/25,15,550,2,,,,,
2013/01/25,16,658,26,,,,,
2013/01/25,17,646,24,,,,,
2013/01/25,18,650,24,,,,,
2013/01/25,19,634,23,,,,,
2013/01/25,20,660,21,,,,,
2013/01/25,21,236,3,,,,,
2013/01/25,22,90,2,,,,,
2013/01/25,23,86,2,,,,,
2013/01/25,24,38,2,,,,,
2013/01/26,01,32,2,,,,,
2013/01/26,02,36,2,,,,,
2013/01/26,03,34,2,,,,,
2013/01/26,04,34,2,,,,,
2013/01/26,05,34,2,,,,,
2013/01/26,06,40,2,,,,,
2013/01/26,07,38,2,,,,,
2013/01/26,08,38,2,,,,,
2013/01/26,09,44,2,,,,,
2013/01/26,10,248,14,,,,,
2013/01/26,11,658,36,,,,,
2013/01/26,12,638,30,,,,,
2013/01/26,13,618,27,,,,,
2013/01/26,14,584,27,,,,,
2013/01/26,15,618,26,,,,,
2013/01/26,16,632,24,,,,,
2013/01/26,17,590,24,,,,,
2013/01/26,18,464,3,,,,,
2013/01/26,19,550,3,,,,,
2013/01/26,20,470,2,,,,,
2013/01/26,21,182,2,,,,,
2013/01/26,22,48,2,,,,,
2013/01/26,23,30,2,,,,,
2013/01/26,24,34,2,,,,,
2013/01/27,01,30,2,,,,,
2013/01/27,02,34,2,,,,,
2013/01/27,03,30,2,,,,,
2013/01/27,04,30,2,,,,,
2013/01/27,05,30,2,,,,,
2013/01/27,06,32,2,,,,,
2013/01/27,07,30,2,,,,,
2013/01/27,08,38,2,,,,,
2013/01/27,09,58,2,,,,,
2013/01/27,10,248,2,,,,,
2013/01/27,11,788,44,,,,,
2013/01/27,12,732,33,,,,,
2013/01/27,13,680,27,,,,,
2013/01/27,14,680,29,,,,,
2013/01/27,15,698,27,,,,,
2013/01/27,16,670,27,,,,,
2013/01/27,17,664,26,,,,,
2013/01/27,18,596,20,,,,,
2013/01/27,19,582,20,,,,,
2013/01/27,20,668,18,,,,,
2013/01/27,21,248,2,,,,,
2013/01/27,22,52,2,,,,,
2013/01/27,23,34,2,,,,,
2013/01/27,24,32,2,,,,,
2013/01/28,01,30,2,,,,,
2013/01/28,02,32,2,,,,,
2013/01/28,03,32,2,,,,,
2013/01/28,04,34,2,,,,,
2013/01/28,05,28,2,,,,,
2013/01/28,06,32,2,,,,,
2013/01/28,07,30,2,,,,,
2013/01/28,08,36,2,,,,,
2013/01/28,09,72,2,,,,,
2013/01/28,10,304,3,,,,,
2013/01/28,11,740,41,,,,,
2013/01/28,12,630,32,,,,,
2013/01/28,13,692,27,,,,,
2013/01/28,14,678,27,,,,,
2013/01/28,15,656,27,,,,,
2013/01/28,16,602,27,,,,,
2013/01/28,17,604,26,,,,,
2013/01/28,18,654,24,,,,,
2013/01/28,19,644,23,,,,,
2013/01/28,20,594,23,,,,,
2013/01/28,21,306,17,,,,,
2013/01/28,22,44,2,,,,,
2013/01/28,23,30,2,,,,,
2013/01/28,24,34,2,,,,,
2013/01/29,01,34,2,,,,,
2013/01/29,02,32,2,,,,,
2013/01/29,03,28,2,,,,,
2013/01/29,04,30,2,,,,,
2013/01/29,05,28,2,,,,,
2013/01/29,06,32,2,,,,,
2013/01/29,07,30,2,,,,,
2013/01/29,08,30,2,,,,,
2013/01/29,09,52,2,,,,,
2013/01/29,10,152,3,,,,,
2013/01/29,11,722,39,,,,,
2013/01/29,12,612,30,,,,,
2013/01/29,13,684,27,,,,,
2013/01/29,14,598,27,,,,,
2013/01/29,15,632,23,,,,,
2013/01/29,16,482,3,,,,,
2013/01/29,17,474,2,,,,,
2013/01/29,18,550,3,,,,,
2013/01/29,19,464,2,,,,,
2013/01/29,20,460,2,,,,,
2013/01/29,21,206,2,,,,,
2013/01/29,22,36,2,,,,,
2013/01/29,23,32,2,,,,,
2013/01/29,24,34,2,,,,,
2013/01/30,01,32,2,,,,,
2013/01/30,02,30,2,,,,,
2013/01/30,03,34,2,,,,,
2013/01/30,04,34,2,,,,,
2013/01/30,05,32,2,,,,,
2013/01/30,06,32,2,,,,,
2013/01/30,07,30,2,,,,,
2013/01/30,08,34,2,,,,,
2013/01/30,09,86,12,,,,,
2013/01/30,10,402,41,,,,,
2013/01/30,11,576,29,,,,,
2013/01/30,12,654,27,,,,,
2013/01/30,13,638,26,,,,,
2013/01/30,14,534,26,,,,,
2013/01/30,15,574,24,,,,,
2013/01/30,16,610,20,,,,,
2013/01/30,17,608,23,,,,,
2013/01/30,18,546,23,,,,,
2013/01/30,19,620,15,,,,,
2013/01/30,20,630,20,,,,,
2013/01/30,21,306,5,,,,,
2013/01/30,22,246,2,,,,,
2013/01/30,23,96,2,,,,,
2013/01/30,24,80,2,,,,,
2013/01/31,01,72,2,,,,,
2013/01/31,02,50,2,,,,,
2013/01/31,03,34,2,,,,,
2013/01/31,04,34,2,,,,,
2013/01/31,05,30,2,,,,,
2013/01/31,06,40,2,,,,,
2013/01/31,07,30,2,,,,,
2013/01/31,08,32,2,,,,,
2013/01/31,09,56,2,,,,,
2013/01/31,10,164,3,,,,,
2013/01/31,11,674,36,,,,,
2013/01/31,12,710,27,,,,,
2013/01/31,13,684,26,,,,,
2013/01/31,14,588,26,,,,,
2013/01/31,15,562,26,,,,,
2013/01/31,16,588,24,,,,,
2013/01/31,17,540,20,,,,,
2013/01/31,18,518,3,,,,,
2013/01/31,19,504,3,,,,,
2013/01/31,20,518,2,,,,,
2013/01/31,21,200,2,,,,,
2013/01/31,22,44,2,,,,,
2013/01/31,23,32,2,,,,,
2013/01/31,24,32,2,,,,,
2013/02/01,01,34,2,,,,,
2013/02/01,02,30,2,,,,,
2013/02/01,03,34,2,,,,,
2013/02/01,04,32,2,,,,,
2013/02/01,05,36,2,,,,,
2013/02/01,06,34,2,,,,,
2013/02/01,07,36,2,,,,,
2013/02/01,08,32,2,,,,,
2013/02/01,09,46,2,,,,,
2013/02/01,10,236,17,,,,,
2013/02/01,11,634,38,,,,,
2013/02/01,12,564,27,,,,,
2013/02/01,13,500,3,,,,,
2013/02/01,14,492,11,,,,,
2013/02/01,15,596,29,,,,,
2013/02/01,16,536,29,,,,,
2013/02/01,17,532,26,,,,,
2013/02/01,18,608,18,,,,,
2013/02/01,19,560,20,,,,,
2013/02/01,20,620,23,,,,,
2013/02/01,21,220,3,,,,,
2013/02/01,22,130,2,,,,,
2013/02/01,23,64,2,,,,,
2013/02/01,24,30,2,,,,,
2013/02/02,01,34,2,,,,,
2013/02/02,02,32,2,,,,,
2013/02/02,03,30,2,,,,,
2013/02/02,04,30,2,,,,,
2013/02/02,05,34,2,,,,,
2013/02/02,06,32,2,,,,,
2013/02/02,07,30,2,,,,,
2013/02/02,08,34,2,,,,,
2013/02/02,09,46,2,,,,,
2013/02/02,10,232,3,,,,,
2013/02/02,11,640,30,,,,,
2013/02/02,12,538,24,,,,,
2013/02/02,13,550,21,,,,,
2013/02/02,14,548,18,,,,,
2013/02/02,15,438,3,,,,,
2013/02/02,16,478,3,,,,,
2013/02/02,17,470,3,,,,,
2013/02/02,18,476,3,,,,,
2013/02/02,19,464,3,,,,,
2013/02/02,20,466,2,,,,,
2013/02/02,21,264,2,,,,,
2013/02/02,22,40,2,,,,,
2013/02/02,23,34,2,,,,,
2013/02/02,24,34,2,,,,,
2013/02/03,01,30,2,,,,,
2013/02/03,02,34,2,,,,,
2013/02/03,03,34,2,,,,,
2013/02/03,04,36,2,,,,,
2013/02/03,05,30,2,,,,,
2013/02/03,06,30,2,,,,,
2013/02/03,07,38,2,,,,,
2013/02/03,08,34,2,,,,,
2013/02/03,09,42,2,,,,,
2013/02/03,10,254,3,,,,,
2013/02/03,11,542,3,,,,,
2013/02/03,12,508,3,,,,,
2013/02/03,13,488,3,,,,,
2013/02/03,14,496,3,,,,,
2013/02/03,15,492,3,,,,,
2013/02/03,16,456,3,,,,,
2013/02/03,17,486,3,,,,,
2013/02/03,18,496,3,,,,,
2013/02/03,19,578,18,,,,,
2013/02/03,20,630,15,,,,,
2013/02/03,21,328,6,,,,,
2013/02/03,22,128,2,,,,,
2013/02/03,23,36,2,,,,,
2013/02/03,24,30,2,,,,,
2013/02/04,01,32,2,,,,,
2013/02/04,02,32,2,,,,,
2013/02/04,03,30,2,,,,,
2013/02/04,04,30,2,,,,,
2013/02/04,05,30,2,,,,,
2013/02/04,06,30,2,,,,,
2013/02/04,07,32,2,,,,,
2013/02/04,08,32,2,,,,,
2013/02/04,09,46,2,,,,,
2013/02/04,10,250,3,,,,,
2013/02/04,11,546,3,,,,,
2013/02/04,12,496,3,,,,,
2013/02/04,13,486,3,,,,,
2013/02/04,14,514,3,,,,,
2013/02/04,15,484,3,,,,,
2013/02/04,16,560,17,,,,,
2013/02/04,17,474,9,,,,,
2013/02/04,18,482,3,,,,,
2013/02/04,19,500,3,,,,,
2013/02/04,20,506,3,,,,,
2013/02/04,21,276,2,,,,,
2013/02/04,22,56,2,,,,,
2013/02/04,23,38,2,,,,,
2013/02/04,24,34,2,,,,,
2013/02/05,01,34,2,,,,,
2013/02/05,02,30,2,,,,,
2013/02/05,03,34,2,,,,,
2013/02/05,04,32,2,,,,,
2013/02/05,05,32,2,,,,,
2013/02/05,06,32,2,,,,,
2013/02/05,07,30,2,,,,,
2013/02/05,08,30,2,,,,,
2013/02/05,09,46,3,,,,,
2013/02/05,10,174,3,,,,,
2013/02/05,11,468,3,,,,,
2013/02/05,12,426,3,,,,,
2013/02/05,13,458,3,,,,,
2013/02/05,14,430,3,,,,,
2013/02/05,15,496,3,,,,,
2013/02/05,16,500,3,,,,,
2013/02/05,17,440,3,,,,,
2013/02/05,18,482,3,,,,,
2013/02/05,19,456,3,,,,,
2013/02/05,20,454,3,,,,,
2013/02/05,21,156,3,,,,,
2013/02/05,22,42,2,,,,,
2013/02/05,23,34,2,,,,,
2013/02/05,24,34,2,,,,,
2013/02/06,01,32,2,,,,,
2013/02/06,02,32,2,,,,,
2013/02/06,03,34,2,,,,,
2013/02/06,04,36,2,,,,,
2013/02/06,05,36,2,,,,,
2013/02/06,06,34,2,,,,,
2013/02/06,07,38,2,,,,,
2013/02/06,08,46,2,,,,,
2013/02/06,09,60,2,,,,,
2013/02/06,10,358,3,,,,,
2013/02/06,11,646,36,,,,,
2013/02/06,12,634,27,,,,,
2013/02/06,13,594,26,,,,,
2013/02/06,14,662,26,,,,,
2013/02/06,15,672,24,,,,,
2013/02/06,16,630,24,,,,,
2013/02/06,17,494,9,,,,,
2013/02/06,18,504,3,,,,,
2013/02/06,19,558,3,,,,,
2013/02/06,20,530,3,,,,,
2013/02/06,21,250,3,,,,,
2013/02/06,22,64,3,,,,,
2013/02/06,23,34,3,,,,,
2013/02/06,24,34,2,,,,,
2013/02/07,01,30,2,,,,,
2013/02/07,02,34,3,,,,,
2013/02/07,03,34,2,,,,,
2013/02/07,04,34,3,,,,,
2013/02/07,05,30,3,,,,,
2013/02/07,06,36,2,,,,,
2013/02/07,07,30,3,,,,,
2013/02/07,08,32,3,,,,,
2013/02/07,09,118,17,,,,,
2013/02/07,10,362,47,,,,,
2013/02/07,11,760,33,,,,,
2013/02/07,12,694,29,,,,,
2013/02/07,13,616,27,,,,,
2013/02/07,14,566,21,,,,,
2013/02/07,15,458,3,,,,,
2013/02/07,16,490,3,,,,,
2013/02/07,17,518,12,,,,,
2013/02/07,18,584,11,,,,,
2013/02/07,19,490,3,,,,,
2013/02/07,20,520,3,,,,,
2013/02/07,21,130,3,,,,,
2013/02/07,22,48,3,,,,,
2013/02/07,23,32,3,,,,,
2013/02/07,24,32,3,,,,,
2013/02/08,01,30,3,,,,,
2013/02/08,02,30,2,,,,,
2013/02/08,03,32,3,,,,,
2013/02/08,04,34,3,,,,,
2013/02/08,05,32,2,,,,,
2013/02/08,06,36,3,,,,,
2013/02/08,07,32,3,,,,,
2013/02/08,08,32,3,,,,,
2013/02/08,09,36,3,,,,,
2013/02/08,10,206,3,,,,,
2013/02/08,11,632,32,,,,,
2013/02/08,12,586,33,,,,,
2013/02/08,13,638,29,,,,,
2013/02/08,14,620,27,,,,,
2013/02/08,15,582,26,,,,,
2013/02/08,16,600,26,,,,,
2013/02/08,17,608,26,,,,,
2013/02/08,18,586,24,,,,,
2013/02/08,19,578,24,,,,,
2013/02/08,20,574,20,,,,,
2013/02/08,21,330,8,,,,,
2013/02/08,22,108,2,,,,,
2013/02/08,23,76,0,,,,,
2013/02/08,24,28,0,,,,,
2013/02/09,01,30,0,,,,,
2013/02/09,02,28,0,,,,,
2013/02/09,03,28,2,,,,,
2013/02/09,04,30,0,,,,,
2013/02/09,05,30,0,,,,,
2013/02/09,06,32,0,,,,,
2013/02/09,07,30,0,,,,,
2013/02/09,08,32,2,,,,,
2013/02/09,09,44,0,,,,,
2013/02/09,10,338,18,,,,,
2013/02/09,11,680,39,,,,,
2013/02/09,12,726,33,,,,,
2013/02/09,13,696,29,,,,,
2013/02/09,14,620,27,,,,,
2013/02/09,15,652,26,,,,,
2013/02/09,16,580,27,,,,,
2013/02/09,17,592,26,,,,,
2013/02/09,18,588,24,,,,,
2013/02/09,19,668,20,,,,,
2013/02/09,20,560,18,,,,,
2013/02/09,21,172,2,,,,,
2013/02/09,22,46,0,,,,,
2013/02/09,23,30,2,,,,,
2013/02/09,24,30,0,,,,,
2013/02/10,01,32,2,,,,,
2013/02/10,02,30,0,,,,,
2013/02/10,03,28,0,,,,,
2013/02/10,04,34,2,,,,,
2013/02/10,05,32,0,,,,,
2013/02/10,06,32,2,,,,,
2013/02/10,07,32,0,,,,,
2013/02/10,08,30,0,,,,,
2013/02/10,09,44,2,,,,,
2013/02/10,10,330,18,,,,,
2013/02/10,11,726,38,,,,,
2013/02/10,12,726,30,,,,,
2013/02/10,13,604,27,,,,,
2013/02/10,14,620,27,,,,,
2013/02/10,15,668,24,,,,,
2013/02/10,16,644,21,,,,,
2013/02/10,17,614,21,,,,,
2013/02/10,18,586,21,,,,,
2013/02/10,19,590,18,,,,,
2013/02/10,20,684,17,,,,,
2013/02/10,21,406,9,,,,,
2013/02/10,22,78,0,,,,,
2013/02/10,23,38,0,,,,,
2013/02/10,24,34,0,,,,,
2013/02/11,01,36,0,,,,,
2013/02/11,02,32,2,,,,,
2013/02/11,03,34,0,,,,,
2013/02/11,04,34,2,,,,,
2013/02/11,05,32,0,,,,,
2013/02/11,06,34,0,,,,,
2013/02/11,07,32,0,,,,,
2013/02/11,08,44,0,,,,,
2013/02/11,09,72,2,,,,,
2013/02/11,10,206,2,,,,,
2013/02/11,11,762,38,,,,,
2013/02/11,12,630,29,,,,,
2013/02/11,13,698,27,,,,,
2013/02/11,14,606,26,,,,,
2013/02/11,15,598,26,,,,,
2013/02/11,16,500,11,,,,,
2013/02/11,17,536,3,,,,,
2013/02/11,18,520,11,,,,,
2013/02/11,19,668,23,,,,,
2013/02/11,20,612,21,,,,,
2013/02/11,21,302,11,,,,,
2013/02/11,22,40,2,,,,,
2013/02/11,23,32,0,,,,,
2013/02/11,24,34,0,,,,,
2013/02/12,01,34,0,,,,,
2013/02/12,02,32,0,,,,,
2013/02/12,03,34,0,,,,,
2013/02/12,04,32,0,,,,,
2013/02/12,05,30,0,,,,,
2013/02/12,06,30,0,,,,,
2013/02/12,07,32,0,,,,,
2013/02/12,08,34,0,,,,,
2013/02/12,09,52,0,,,,,
2013/02/12,10,334,2,,,,,
2013/02/12,11,692,41,,,,,
2013/02/12,12,734,32,,,,,
2013/02/12,13,704,26,,,,,
2013/02/12,14,672,26,,,,,
2013/02/12,15,630,26,,,,,
2013/02/12,16,622,26,,,,,
2013/02/12,17,254,11,,,,,
2013/02/12,18,604,24,,,,,
2013/02/12,19,644,23,,,,,
2013/02/12,20,636,23,,,,,
2013/02/12,21,372,5,,,,,
2013/02/12,22,204,2,,,,,
2013/02/12,23,164,2,,,,,
2013/02/12,24,158,2,,,,,
2013/02/13,01,156,2,,,,,
2013/02/13,02,150,2,,,,,
2013/02/13,03,152,2,,,,,
2013/02/13,04,238,2,,,,,
2013/02/13,05,190,0,,,,,
2013/02/13,06,58,0,,,,,
2013/02/13,07,32,0,,,,,
2013/02/13,08,92,0,,,,,
2013/02/13,09,144,2,,,,,
2013/02/13,10,246,2,,,,,
2013/02/13,11,630,35,,,,,
2013/02/13,12,640,32,,,,,
2013/02/13,13,578,27,,,,,
2013/02/13,14,704,27,,,,,
2013/02/13,15,682,26,,,,,
2013/02/13,16,634,21,,,,,
2013/02/13,17,598,20,,,,,
2013/02/13,18,670,18,,,,,
2013/02/13,19,600,20,,,,,
2013/02/13,20,598,17,,,,,
2013/02/13,21,268,2,,,,,
2013/02/13,22,134,0,,,,,
2013/02/13,23,36,2,,,,,
2013/02/13,24,32,0,,,,,
2013/02/14,01,34,2,,,,,
2013/02/14,02,30,0,,,,,
2013/02/14,03,28,0,,,,,
2013/02/14,04,30,0,,,,,
2013/02/14,05,30,0,,,,,
2013/02/14,06,32,2,,,,,
2013/02/14,07,32,0,,,,,
2013/02/14,08,32,0,,,,,
2013/02/14,09,94,9,,,,,
2013/02/14,10,446,39,,,,,
2013/02/14,11,614,27,,,,,
2013/02/14,12,614,26,,,,,
2013/02/14,13,684,24,,,,,
2013/02/14,14,658,24,,,,,
2013/02/14,15,570,26,,,,,
2013/02/14,16,546,17,,,,,
2013/02/14,17,608,18,,,,,
2013/02/14,18,628,18,,,,,
2013/02/14,19,618,17,,,,,
2013/02/14,20,588,14,,,,,
2013/02/14,21,194,11,,,,,
2013/02/14,22,36,0,,,,,
2013/02/14,23,32,0,,,,,
2013/02/14,24,32,2,,,,,
2013/02/15,01,28,0,,,,,
2013/02/15,02,28,0,,,,,
2013/02/15,03,28,0,,,,,
2013/02/15,04,32,0,,,,,
2013/02/15,05,28,0,,,,,
2013/02/15,06,28,0,,,,,
2013/02/15,07,30,0,,,,,
2013/02/15,08,32,2,,,,,
2013/02/15,09,54,0,,,,,
2013/02/15,10,438,17,,,,,
2013/02/15,11,642,26,,,,,
2013/02/15,12,626,24,,,,,
2013/02/15,13,648,26,,,,,
2013/02/15,14,562,20,,,,,
2013/02/15,15,656,18,,,,,
2013/02/15,16,594,24,,,,,
2013/02/15,17,572,23,,,,,
2013/02/15,18,608,21,,,,,
2013/02/15,19,634,15,,,,,
2013/02/15,20,682,20,,,,,
2013/02/15,21,350,3,,,,,
2013/02/15,22,72,2,,,,,
2013/02/15,23,40,0,,,,,
2013/02/15,24,32,2,,,,,
2013/02/16,01,30,0,,,,,
2013/02/16,02,28,2,,,,,
2013/02/16,03,32,0,,,,,
2013/02/16,04,34,0,,,,,
2013/02/16,05,30,0,,,,,
2013/02/16,06,32,0,,,,,
2013/02/16,07,28,0,,,,,
2013/02/16,08,32,0,,,,,
2013/02/16,09,50,2,,,,,
2013/02/16,10,218,3,,,,,
2013/02/16,11,770,39,,,,,
2013/02/16,12,716,30,,,,,
2013/02/16,13,682,29,,,,,
2013/02/16,14,674,27,,,,,
2013/02/16,15,648,27,,,,,
2013/02/16,16,600,26,,,,,
2013/02/16,17,576,26,,,,,
2013/02/16,18,690,23,,,,,
2013/02/16,19,622,23,,,,,
2013/02/16,20,592,23,,,,,
2013/02/16,21,280,9,,,,,
2013/02/16,22,30,0,,,,,
2013/02/16,23,30,0,,,,,
2013/02/16,24,30,0,,,,,
2013/02/17,01,34,2,,,,,
2013/02/17,02,32,0,,,,,
2013/02/17,03,28,2,,,,,
2013/02/17,04,28,0,,,,,
2013/02/17,05,30,0,,,,,
2013/02/17,06,34,0,,,,,
2013/02/17,07,28,0,,,,,
2013/02/17,08,32,0,,,,,
2013/02/17,09,94,0,,,,,
2013/02/17,10,364,2,,,,,
2013/02/17,11,666,45,,,,,
2013/02/17,12,668,36,,,,,
2013/02/17,13,726,30,,,,,
2013/02/17,14,630,29,,,,,
2013/02/17,15,686,29,,,,,
2013/02/17,16,592,29,,,,,
2013/02/17,17,650,26,,,,,
2013/02/17,18,648,26,,,,,
2013/02/17,19,634,24,,,,,
2013/02/17,20,592,23,,,,,
2013/02/17,21,454,18,,,,,
2013/02/17,22,114,2,,,,,
2013/02/17,23,32,2,,,,,
2013/02/17,24,28,0,,,,,
2013/02/18,01,32,2,,,,,
2013/02/18,02,30,0,,,,,
2013/02/18,03,32,0,,,,,
2013/02/18,04,28,0,,,,,
2013/02/18,05,30,0,,,,,
2013/02/18,06,30,0,,,,,
2013/02/18,07,30,0,,,,,
2013/02/18,08,30,0,,,,,
2013/02/18,09,54,2,,,,,
2013/02/18,10,262,2,,,,,
2013/02/18,11,502,2,,,,,
2013/02/18,12,496,2,,,,,
2013/02/18,13,692,26,,,,,
2013/02/18,14,626,30,,,,,
2013/02/18,15,670,27,,,,,
2013/02/18,16,638,27,,,,,
2013/02/18,17,650,26,,,,,
2013/02/18,18,586,26,,,,,
2013/02/18,19,652,23,,,,,
2013/02/18,20,652,24,,,,,
2013/02/18,21,176,2,,,,,
2013/02/18,22,48,0,,,,,
2013/02/18,23,34,0,,,,,
2013/02/18,24,34,0,,,,,
2013/02/19,01,32,0,,,,,
2013/02/19,02,34,0,,,,,
2013/02/19,03,34,0,,,,,
2013/02/19,04,34,0,,,,,
2013/02/19,05,30,0,,,,,
2013/02/19,06,30,0,,,,,
2013/02/19,07,32,0,,,,,
2013/02/19,08,30,0,,,,,
2013/02/19,09,52,0,,,,,
2013/02/19,10,236,8,,,,,
2013/02/19,11,692,39,,,,,
2013/02/19,12,604,29,,,,,
2013/02/19,13,590,27,,,,,
2013/02/19,14,652,27,,,,,
2013/02/19,15,558,26,,,,,
2013/02/19,16,650,24,,,,,
2013/02/19,17,652,23,,,,,
2013/02/19,18,650,23,,,,,
2013/02/19,19,710,21,,,,,
2013/02/19,20,628,21,,,,,
2013/02/19,21,240,12,,,,,
2013/02/19,22,32,0,,,,,
2013/02/19,23,30,0,,,,,
2013/02/19,24,34,0,,,,,
2013/02/20,01,30,0,,,,,
2013/02/20,02,32,0,,,,,
2013/02/20,03,36,0,,,,,
2013/02/20,04,32,0,,,,,
2013/02/20,05,28,0,,,,,
2013/02/20,06,32,0,,,,,
2013/02/20,07,30,0,,,,,
2013/02/20,08,30,0,,,,,
2013/02/20,09,56,0,,,,,
2013/02/20,10,284,2,,,,,
2013/02/20,11,750,45,,,,,
2013/02/20,12,710,33,,,,,
2013/02/20,13,728,32,,,,,
2013/02/20,14,644,29,,,,,
2013/02/20,15,680,27,,,,,
2013/02/20,16,686,26,,,,,
2013/02/20,17,576,24,,,,,
2013/02/20,18,678,23,,,,,
2013/02/20,19,642,24,,,,,
2013/02/20,20,594,18,,,,,
2013/02/20,21,382,2,,,,,
2013/02/20,22,80,2,,,,,
2013/02/20,23,34,0,,,,,
2013/02/20,24,30,0,,,,,
2013/02/21,01,30,0,,,,,
2013/02/21,02,32,0,,,,,
2013/02/21,03,32,0,,,,,
2013/02/21,04,32,0,,,,,
2013/02/21,05,32,0,,,,,
2013/02/21,06,30,2,,,,,
2013/02/21,07,34,0,,,,,
2013/02/21,08,34,0,,,,,
2013/02/21,09,68,2,,,,,
2013/02/21,10,328,3,,,,,
2013/02/21,11,692,36,,,,,
2013/02/21,12,634,35,,,,,
2013/02/21,13,672,27,,,,,
2013/02/21,14,666,26,,,,,
2013/02/21,15,580,26,,,,,
2013/02/21,16,634,26,,,,,
2013/02/21,17,646,24,,,,,
2013/02/21,18,672,23,,,,,
2013/02/21,19,672,24,,,,,
2013/02/21,20,680,23,,,,,
2013/02/21,21,248,14,,,,,
2013/02/21,22,36,2,,,,,
2013/02/21,23,32,0,,,,,
2013/02/21,24,30,2,,,,,
2013/02/22,01,30,0,,,,,
2013/02/22,02,30,0,,,,,
2013/02/22,03,30,0,,,,,
2013/02/22,04,30,0,,,,,
2013/02/22,05,32,2,,,,,
2013/02/22,06,30,0,,,,,
2013/02/22,07,32,0,,,,,
2013/02/22,08,34,2,,,,,
2013/02/22,09,56,0,,,,,
2013/02/22,10,286,3,,,,,
2013/02/22,11,702,42,,,,,
2013/02/22,12,670,32,,,,,
2013/02/22,13,642,29,,,,,
2013/02/22,14,636,27,,,,,
2013/02/22,15,682,26,,,,,
2013/02/22,16,506,11,,,,,
2013/02/22,17,534,2,,,,,
2013/02/22,18,512,2,,,,,
2013/02/22,19,484,2,,,,,
2013/02/22,20,518,2,,,,,
2013/02/22,21,224,2,,,,,
2013/02/22,22,78,0,,,,,
2013/02/22,23,58,0,,,,,
2013/02/22,24,48,0,,,,,
2013/02/23,01,36,0,,,,,
2013/02/23,02,42,0,,,,,
2013/02/23,03,36,0,,,,,
2013/02/23,04,36,0,,,,,
2013/02/23,05,40,2,,,,,
2013/02/23,06,40,0,,,,,
2013/02/23,07,36,2,,,,,
2013/02/23,08,42,0,,,,,
2013/02/23,09,56,0,,,,,
2013/02/23,10,282,2,,,,,
2013/02/23,11,776,42,,,,,
2013/02/23,12,746,33,,,,,
2013/02/23,13,688,27,,,,,
2013/02/23,14,616,24,,,,,
2013/02/23,15,586,21,,,,,
2013/02/23,16,530,3,,,,,
2013/02/23,17,192,2,,,,,
2013/02/23,18,614,26,,,,,
2013/02/23,19,642,24,,,,,
2013/02/23,20,632,23,,,,,
2013/02/23,21,418,2,,,,,
2013/02/23,22,70,0,,,,,
2013/02/23,23,34,0,,,,,
2013/02/23,24,32,0,,,,,
2013/02/24,01,28,0,,,,,
2013/02/24,02,28,0,,,,,
2013/02/24,03,30,0,,,,,
2013/02/24,04,28,2,,,,,
2013/02/24,05,28,0,,,,,
2013/02/24,06,30,0,,,,,
2013/02/24,07,30,2,,,,,
2013/02/24,08,34,0,,,,,
2013/02/24,09,56,2,,,,,
2013/02/24,10,268,2,,,,,
2013/02/24,11,588,38,,,,,
2013/02/24,12,572,30,,,,,
2013/02/24,13,706,29,,,,,
2013/02/24,14,694,26,,,,,
2013/02/24,15,606,26,,,,,
2013/02/24,16,624,24,,,,,
2013/02/24,17,636,26,,,,,
2013/02/24,18,668,24,,,,,
2013/02/24,19,606,23,,,,,
2013/02/24,20,626,23,,,,,
2013/02/24,21,474,20,,,,,
2013/02/24,22,132,9,,,,,
2013/02/24,23,34,0,,,,,
2013/02/24,24,34,0,,,,,
2013/02/25,01,38,0,,,,,
2013/02/25,02,32,0,,,,,
2013/02/25,03,38,0,,,,,
2013/02/25,04,32,0,,,,,
2013/02/25,05,30,2,,,,,
2013/02/25,06,36,0,,,,,
2013/02/25,07,36,2,,,,,
2013/02/25,08,32,0,,,,,
2013/02/25,09,174,24,,,,,
2013/02/25,10,556,42,,,,,
2013/02/25,11,698,32,,,,,
2013/02/25,12,672,29,,,,,
2013/02/25,13,642,27,,,,,
2013/02/25,14,672,24,,,,,
2013/02/25,15,676,26,,,,,
2013/02/25,16,654,24,,,,,
2013/02/25,17,604,24,,,,,
2013/02/25,18,634,24,,,,,
2013/02/25,19,684,23,,,,,
2013/02/25,20,642,21,,,,,
2013/02/25,21,468,23,,,,,
2013/02/25,22,212,6,,,,,
2013/02/25,23,38,0,,,,,
2013/02/25,24,120,18,,,,,
2013/02/26,01,40,2,,,,,
2013/02/26,02,34,0,,,,,
2013/02/26,03,40,0,,,,,
2013/02/26,04,34,0,,,,,
2013/02/26,05,28,0,,,,,
2013/02/26,06,28,0,,,,,
2013/02/26,07,30,0,,,,,
2013/02/26,08,40,2,,,,,
2013/02/26,09,414,24,,,,,
2013/02/26,10,578,36,,,,,
2013/02/26,11,582,27,,,,,
2013/02/26,12,526,26,,,,,
2013/02/26,13,630,29,,,,,
2013/02/26,14,556,26,,,,,
2013/02/26,15,508,24,,,,,
2013/02/26,16,586,24,,,,,
2013/02/26,17,516,24,,,,,
2013/02/26,18,554,24,,,,,
2013/02/26,19,552,21,,,,,
2013/02/26,20,278,2,,,,,
2013/02/26,21,280,2,,,,,
2013/02/26,22,240,2,,,,,
2013/02/26,23,214,0,,,,,
2013/02/26,24,238,0,,,,,
2013/02/27,01,248,0,,,,,
2013/02/27,02,242,3,,,,,
2013/02/27,03,164,2,,,,,
2013/02/27,04,28,0,,,,,
2013/02/27,05,32,0,,,,,
2013/02/27,06,32,0,,,,,
2013/02/27,07,28,0,,,,,
2013/02/27,08,28,2,,,,,
2013/02/27,09,76,0,,,,,
2013/02/27,10,286,2,,,,,
2013/02/27,11,428,2,,,,,
2013/02/27,12,588,24,,,,,
2013/02/27,13,622,30,,,,,
2013/02/27,14,582,27,,,,,
2013/02/27,15,632,26,,,,,
2013/02/27,16,560,26,,,,,
2013/02/27,17,558,26,,,,,
2013/02/27,18,630,21,,,,,
2013/02/27,19,572,21,,,,,
2013/02/27,20,578,21,,,,,
2013/02/27,21,304,3,,,,,
2013/02/27,22,264,2,,,,,
2013/02/27,23,108,0,,,,,
2013/02/27,24,36,2,,,,,
2013/02/28,01,34,0,,,,,
2013/02/28,02,32,2,,,,,
2013/02/28,03,32,0,,,,,
2013/02/28,04,34,0,,,,,
2013/02/28,05,34,0,,,,,
2013/02/28,06,36,0,,,,,
2013/02/28,07,34,0,,,,,
2013/02/28,08,34,0,,,,,
2013/02/28,09,46,2,,,,,
2013/02/28,10,308,6,,,,,
2013/02/28,11,650,33,,,,,
2013/02/28,12,518,5,,,,,
2013/02/28,13,520,3,,,,,
2013/02/28,14,460,3,,,,,
2013/02/28,15,478,3,,,,,
2013/02/28,16,574,29,,,,,
2013/02/28,17,558,15,,,,,
2013/02/28,18,552,18,,,,,
2013/02/28,19,578,17,,,,,
2013/02/28,20,582,14,,,,,
2013/02/28,21,316,2,,,,,
2013/02/28,22,204,2,,,,,
2013/02/28,23,32,0,,,,,
2013/02/28,24,30,2,,,,,
2013/03/01,01,30,0,,,,,
2013/03/01,02,32,2,,,,,
2013/03/01,03,30,0,,,,,
2013/03/01,04,32,0,,,,,
2013/03/01,05,28,0,,,,,
2013/03/01,06,34,0,,,,,
2013/03/01,07,30,0,,,,,
2013/03/01,08,32,2,,,,,
2013/03/01,09,52,0,,,,,
2013/03/01,10,168,2,,,,,
2013/03/01,11,470,2,,,,,
2013/03/01,12,434,2,,,,,
2013/03/01,13,412,2,,,,,
2013/03/01,14,484,2,,,,,
2013/03/01,15,448,5,,,,,
2013/03/01,16,464,2,,,,,
2013/03/01,17,470,2,,,,,
2013/03/01,18,470,2,,,,,
2013/03/01,19,480,2,,,,,
2013/03/01,20,486,2,,,,,
2013/03/01,21,400,0,,,,,
2013/03/01,22,106,0,,,,,
2013/03/01,23,38,2,,,,,
2013/03/01,24,32,0,,,,,
2013/03/02,01,28,0,,,,,
2013/03/02,02,32,0,,,,,
2013/03/02,03,30,0,,,,,
2013/03/02,04,32,0,,,,,
2013/03/02,05,28,2,,,,,
2013/03/02,06,30,0,,,,,
2013/03/02,07,28,0,,,,,
2013/03/02,08,34,0,,,,,
2013/03/02,09,72,0,,,,,
2013/03/02,10,374,2,,,,,
2013/03/02,11,518,2,,,,,
2013/03/02,12,476,3,,,,,
2013/03/02,13,502,3,,,,,
2013/03/02,14,478,3,,,,,
2013/03/02,15,488,3,,,,,
2013/03/02,16,610,17,,,,,
2013/03/02,17,546,17,,,,,
2013/03/02,18,568,17,,,,,
2013/03/02,19,542,14,,,,,
2013/03/02,20,572,20,,,,,
2013/03/02,21,322,3,,,,,
2013/03/02,22,56,0,,,,,
2013/03/02,23,34,2,,,,,
2013/03/02,24,34,0,,,,,
2013/03/03,01,34,0,,,,,
2013/03/03,02,30,0,,,,,
2013/03/03,03,32,0,,,,,
2013/03/03,04,34,0,,,,,
2013/03/03,05,34,2,,,,,
2013/03/03,06,34,0,,,,,
2013/03/03,07,32,0,,,,,
2013/03/03,08,32,2,,,,,
2013/03/03,09,48,0,,,,,
2013/03/03,10,324,2,,,,,
2013/03/03,11,576,18,,,,,
2013/03/03,12,678,27,,,,,
2013/03/03,13,634,26,,,,,
2013/03/03,14,572,24,,,,,
2013/03/03,15,616,24,,,,,
2013/03/03,16,618,21,,,,,
2013/03/03,17,608,20,,,,,
2013/03/03,18,650,21,,,,,
2013/03/03,19,516,2,,,,,
2013/03/03,20,544,2,,,,,
2013/03/03,21,224,2,,,,,
2013/03/03,22,54,0,,,,,
2013/03/03,23,36,2,,,,,
2013/03/03,24,34,0,,,,,
2013/03/04,01,38,0,,,,,
2013/03/04,02,32,2,,,,,
2013/03/04,03,36,0,,,,,
2013/03/04,04,34,0,,,,,
2013/03/04,05,32,0,,,,,
2013/03/04,06,36,0,,,,,
2013/03/04,07,34,0,,,,,
2013/03/04,08,32,0,,,,,
2013/03/04,09,42,0,,,,,
2013/03/04,10,134,2,,,,,
2013/03/04,11,608,33,,,,,
2013/03/04,12,570,24,,,,,
2013/03/04,13,568,23,,,,,
2013/03/04,14,612,20,,,,,
2013/03/04,15,444,5,,,,,
2013/03/04,16,484,15,,,,,
2013/03/04,17,572,17,,,,,
2013/03/04,18,534,17,,,,,
2013/03/04,19,592,17,,,,,
2013/03/04,20,466,6,,,,,
2013/03/04,21,256,2,,,,,
2013/03/04,22,38,0,,,,,
2013/03/04,23,30,2,,,,,
2013/03/04,24,32,0,,,,,
2013/03/05,01,28,0,,,,,
2013/03/05,02,28,0,,,,,
2013/03/05,03,32,0,,,,,
2013/03/05,04,30,0,,,,,
2013/03/05,05,28,2,,,,,
2013/03/05,06,34,0,,,,,
2013/03/05,07,30,2,,,,,
2013/03/05,08,32,0,,,,,
2013/03/05,09,52,0,,,,,
2013/03/05,10,218,2,,,,,
2013/03/05,11,562,2,,,,,
2013/03/05,12,544,2,,,,,
2013/03/05,13,476,2,,,,,
2013/03/05,14,494,3,,,,,
2013/03/05,15,454,3,,,,,
2013/03/05,16,458,2,,,,,
2013/03/05,17,486,2,,,,,
2013/03/05,18,498,2,,,,,
2013/03/05,19,494,2,,,,,
2013/03/05,20,520,2,,,,,
2013/03/05,21,150,2,,,,,
2013/03/05,22,38,2,,,,,
2013/03/05,23,32,0,,,,,
2013/03/05,24,34,2,,,,,
2013/03/06,01,34,0,,,,,
2013/03/06,02,34,0,,,,,
2013/03/06,03,34,0,,,,,
2013/03/06,04,32,0,,,,,
2013/03/06,05,30,0,,,,,
2013/03/06,06,38,2,,,,,
2013/03/06,07,34,0,,,,,
2013/03/06,08,32,2,,,,,
2013/03/06,09,40,0,,,,,
2013/03/06,10,156,2,,,,,
2013/03/06,11,486,11,,,,,
2013/03/06,12,628,30,,,,,
2013/03/06,13,538,26,,,,,
2013/03/06,14,538,23,,,,,
2013/03/06,15,600,21,,,,,
2013/03/06,16,586,20,,,,,
2013/03/06,17,442,3,,,,,
2013/03/06,18,432,3,,,,,
2013/03/06,19,466,2,,,,,
2013/03/06,20,484,2,,,,,
2013/03/06,21,250,2,,,,,
2013/03/06,22,128,0,,,,,
2013/03/06,23,52,0,,,,,
2013/03/06,24,32,0,,,,,
2013/03/07,01,30,0,,,,,
2013/03/07,02,32,2,,,,,
2013/03/07,03,34,0,,,,,
2013/03/07,04,30,0,,,,,
2013/03/07,05,32,0,,,,,
2013/03/07,06,32,0,,,,,
2013/03/07,07,30,0,,,,,
2013/03/07,08,32,2,,,,,
2013/03/07,09,42,0,,,,,
2013/03/07,10,244,2,,,,,
2013/03/07,11,488,3,,,,,
2013/03/07,12,466,3,,,,,
2013/03/07,13,428,3,,,,,
2013/03/07,14,436,3,,,,,
2013/03/07,15,442,3,,,,,
2013/03/07,16,460,2,,,,,
2013/03/07,17,414,2,,,,,
2013/03/07,18,472,2,,,,,
2013/03/07,19,514,2,,,,,
2013/03/07,20,490,2,,,,,
2013/03/07,21,194,0,,,,,
2013/03/07,22,50,2,,,,,
2013/03/07,23,32,0,,,,,
2013/03/07,24,36,0,,,,,
2013/03/08,01,30,0,,,,,
2013/03/08,02,34,0,,,,,
2013/03/08,03,34,0,,,,,
2013/03/08,04,30,0,,,,,
2013/03/08,05,32,0,,,,,
2013/03/08,06,34,0,,,,,
2013/03/08,07,32,0,,,,,
2013/03/08,08,32,0,,,,,
2013/03/08,09,46,2,,,,,
2013/03/08,10,156,2,,,,,
2013/03/08,11,456,2,,,,,
2013/03/08,12,472,2,,,,,
2013/03/08,13,490,3,,,,,
2013/03/08,14,426,2,,,,,
2013/03/08,15,412,3,,,,,
2013/03/08,16,422,3,,,,,
2013/03/08,17,474,2,,,,,
2013/03/08,18,444,2,,,,,
2013/03/08,19,486,2,,,,,
2013/03/08,20,444,2,,,,,
2013/03/08,21,314,2,,,,,
2013/03/08,22,78,2,,,,,
2013/03/08,23,30,0,,,,,
2013/03/08,24,30,0,,,,,
2013/03/09,01,30,0,,,,,
2013/03/09,02,32,0,,,,,
2013/03/09,03,32,0,,,,,
2013/03/09,04,30,0,,,,,
2013/03/09,05,28,0,,,,,
2013/03/09,06,32,2,,,,,
2013/03/09,07,30,0,,,,,
2013/03/09,08,32,0,,,,,
2013/03/09,09,42,2,,,,,
2013/03/09,10,172,2,,,,,
2013/03/09,11,472,3,,,,,
2013/03/09,12,414,3,,,,,
2013/03/09,13,482,2,,,,,
2013/03/09,14,458,3,,,,,
2013/03/09,15,428,3,,,,,
2013/03/09,16,428,3,,,,,
2013/03/09,17,472,3,,,,,
2013/03/09,18,472,3,,,,,
2013/03/09,19,438,3,,,,,
2013/03/09,20,452,2,,,,,
2013/03/09,21,322,2,,,,,
2013/03/09,22,200,0,,,,,
2013/03/09,23,56,0,,,,,
2013/03/09,24,34,0,,,,,
2013/03/10,01,38,0,,,,,
2013/03/10,02,38,0,,,,,
2013/03/10,03,38,0,,,,,
2013/03/10,04,32,0,,,,,
2013/03/10,05,36,0,,,,,
2013/03/10,06,36,2,,,,,
2013/03/10,07,36,0,,,,,
2013/03/10,08,40,0,,,,,
2013/03/10,09,42,0,,,,,
2013/03/10,10,158,2,,,,,
2013/03/10,11,478,3,,,,,
2013/03/10,12,420,5,,,,,
2013/03/10,13,436,3,,,,,
2013/03/10,14,468,3,,,,,
2013/03/10,15,432,3,,,,,
2013/03/10,16,448,3,,,,,
2013/03/10,17,468,3,,,,,
2013/03/10,18,466,5,,,,,
2013/03/10,19,512,2,,,,,
2013/03/10,20,514,2,,,,,
2013/03/10,21,238,2,,,,,
2013/03/10,22,36,0,,,,,
2013/03/10,23,34,0,,,,,
2013/03/10,24,30,0,,,,,
2013/03/11,01,28,0,,,,,
2013/03/11,02,30,0,,,,,
2013/03/11,03,32,2,,,,,
2013/03/11,04,28,0,,,,,
2013/03/11,05,28,0,,,,,
2013/03/11,06,30,0,,,,,
2013/03/11,07,32,0,,,,,
2013/03/11,08,34,0,,,,,
2013/03/11,09,50,2,,,,,
2013/03/11,10,142,2,,,,,
2013/03/11,11,244,0,,,,,
2013/03/11,12,466,2,,,,,
2013/03/11,13,442,3,,,,,
2013/03/11,14,480,3,,,,,
2013/03/11,15,462,3,,,,,
2013/03/11,16,420,3,,,,,
2013/03/11,17,482,2,,,,,
2013/03/11,18,490,2,,,,,
2013/03/11,19,452,2,,,,,
2013/03/11,20,502,2,,,,,
2013/03/11,21,368,2,,,,,
2013/03/11,22,238,2,,,,,
2013/03/11,23,248,2,,,,,
2013/03/11,24,76,0,,,,,
2013/03/12,01,30,2,,,,,
2013/03/12,02,32,0,,,,,
2013/03/12,03,30,0,,,,,
2013/03/12,04,34,0,,,,,
2013/03/12,05,32,0,,,,,
2013/03/12,06,34,0,,,,,
2013/03/12,07,32,2,,,,,
2013/03/12,08,34,0,,,,,
2013/03/12,09,40,0,,,,,
2013/03/12,10,176,2,,,,,
2013/03/12,11,420,3,,,,,
2013/03/12,12,472,3,,,,,
2013/03/12,13,440,2,,,,,
2013/03/12,14,458,3,,,,,
2013/03/12,15,420,2,,,,,
2013/03/12,16,430,2,,,,,
2013/03/12,17,468,2,,,,,
2013/03/12,18,478,2,,,,,
2013/03/12,19,508,2,,,,,
2013/03/12,20,458,2,,,,,
2013/03/12,21,324,2,,,,,
2013/03/12,22,244,2,,,,,
2013/03/12,23,240,0,,,,,
2013/03/12,24,252,2,,,,,
2013/03/13,01,202,2,,,,,
2013/03/13,02,34,0,,,,,
2013/03/13,03,32,0,,,,,
2013/03/13,04,28,2,,,,,
2013/03/13,05,26,0,,,,,
2013/03/13,06,30,0,,,,,
2013/03/13,07,32,2,,,,,
2013/03/13,08,28,0,,,,,
2013/03/13,09,110,0,,,,,
2013/03/13,10,268,2,,,,,
2013/03/13,11,444,3,,,,,
2013/03/13,12,476,3,,,,,
2013/03/13,13,492,2,,,,,
2013/03/13,14,460,3,,,,,
2013/03/13,15,420,3,,,,,
2013/03/13,16,468,2,,,,,
2013/03/13,17,444,2,,,,,
2013/03/13,18,504,2,,,,,
2013/03/13,19,504,2,,,,,
2013/03/13,20,478,2,,,,,
2013/03/13,21,280,0,,,,,
2013/03/13,22,232,2,,,,,
2013/03/13,23,126,0,,,,,
2013/03/13,24,28,0,,,,,
2013/03/14,01,32,0,,,,,
2013/03/14,02,28,0,,,,,
2013/03/14,03,30,0,,,,,
2013/03/14,04,30,0,,,,,
2013/03/14,05,32,0,,,,,
2013/03/14,06,30,0,,,,,
2013/03/14,07,28,0,,,,,
2013/03/14,08,32,0,,,,,
2013/03/14,09,38,2,,,,,
2013/03/14,10,224,2,,,,,
2013/03/14,11,456,2,,,,,
2013/03/14,12,424,3,,,,,
2013/03/14,13,428,2,,,,,
2013/03/14,14,446,3,,,,,
2013/03/14,15,424,3,,,,,
2013/03/14,16,494,3,,,,,
2013/03/14,17,464,2,,,,,
2013/03/14,18,486,2,,,,,
2013/03/14,19,464,2,,,,,
2013/03/14,20,520,2,,,,,
2013/03/14,21,236,2,,,,,
2013/03/14,22,36,2,,,,,
2013/03/14,23,32,0,,,,,
2013/03/14,24,34,0,,,,,
2013/03/15,01,34,0,,,,,
2013/03/15,02,34,0,,,,,
2013/03/15,03,34,0,,,,,
2013/03/15,04,36,0,,,,,
2013/03/15,05,30,0,,,,,
2013/03/15,06,32,2,,,,,
2013/03/15,07,30,0,,,,,
2013/03/15,08,34,0,,,,,
2013/03/15,09,40,2,,,,,
2013/03/15,10,196,2,,,,,
2013/03/15,11,406,2,,,,,
2013/03/15,12,464,3,,,,,
2013/03/15,13,428,3,,,,,
2013/03/15,14,440,3,,,,,
2013/03/15,15,426,3,,,,,
2013/03/15,16,466,3,,,,,
2013/03/15,17,440,2,,,,,
2013/03/15,18,422,2,,,,,
2013/03/15,19,482,2,,,,,
2013/03/15,20,458,2,,,,,
2013/03/15,21,376,0,,,,,
2013/03/15,22,180,2,,,,,
2013/03/15,23,34,0,,,,,
2013/03/15,24,32,0,,,,,
2013/03/16,01,28,0,,,,,
2013/03/16,02,32,0,,,,,
2013/03/16,03,28,2,,,,,
2013/03/16,04,30,0,,,,,
2013/03/16,05,30,0,,,,,
2013/03/16,06,34,0,,,,,
2013/03/16,07,32,0,,,,,
2013/03/16,08,28,0,,,,,
2013/03/16,09,42,2,,,,,
2013/03/16,10,186,2,,,,,
2013/03/16,11,436,3,,,,,
2013/03/16,12,442,3,,,,,
2013/03/16,13,418,3,,,,,
2013/03/16,14,450,3,,,,,
2013/03/16,15,428,3,,,,,
2013/03/16,16,426,3,,,,,
2013/03/16,17,452,3,,,,,
2013/03/16,18,430,3,,,,,
2013/03/16,19,472,3,,,,,
2013/03/16,20,482,2,,,,,
2013/03/16,21,268,2,,,,,
2013/03/16,22,38,0,,,,,
2013/03/16,23,30,2,,,,,
2013/03/16,24,28,0,,,,,
2013/03/17,01,32,0,,,,,
2013/03/17,02,30,0,,,,,
2013/03/17,03,30,0,,,,,
2013/03/17,04,28,0,,,,,
2013/03/17,05,28,2,,,,,
2013/03/17,06,34,0,,,,,
2013/03/17,07,34,0,,,,,
2013/03/17,08,34,0,,,,,
2013/03/17,09,40,0,,,,,
2013/03/17,10,236,3,,,,,
2013/03/17,11,490,3,,,,,
2013/03/17,12,486,3,,,,,
2013/03/17,13,500,3,,,,,
2013/03/17,14,450,3,,,,,
2013/03/17,15,480,3,,,,,
2013/03/17,16,456,3,,,,,
2013/03/17,17,422,3,,,,,
2013/03/17,18,492,3,,,,,
2013/03/17,19,460,2,,,,,
2013/03/17,20,516,2,,,,,
2013/03/17,21,320,2,,,,,
2013/03/17,22,78,2,,,,,
2013/03/17,23,30,0,,,,,
2013/03/17,24,32,0,,,,,
2013/03/18,01,28,0,,,,,
2013/03/18,02,32,0,,,,,
2013/03/18,03,32,0,,,,,
2013/03/18,04,28,0,,,,,
2013/03/18,05,32,0,,,,,
2013/03/18,06,30,0,,,,,
2013/03/18,07,30,0,,,,,
2013/03/18,08,32,0,,,,,
2013/03/18,09,38,0,,,,,
2013/03/18,10,28,0,,,,,
2013/03/18,11,458,2,,,,,
2013/03/18,12,182,0,,,,,
2013/03/18,13,492,3,,,,,
2013/03/18,14,480,3,,,,,
2013/03/18,15,444,3,,,,,
2013/03/18,16,438,3,,,,,
2013/03/18,17,482,2,,,,,
2013/03/18,18,500,3,,,,,
2013/03/18,19,496,2,,,,,
2013/03/18,20,484,2,,,,,
2013/03/18,21,224,2,,,,,
2013/03/18,22,36,2,,,,,
2013/03/18,23,32,0,,,,,
2013/03/18,24,32,0,,,,,
2013/03/19,01,34,0,,,,,
2013/03/19,02,36,0,,,,,
2013/03/19,03,34,0,,,,,
2013/03/19,04,36,0,,,,,
2013/03/19,05,34,0,,,,,
2013/03/19,06,34,0,,,,,
2013/03/19,07,34,0,,,,,
2013/03/19,08,36,0,,,,,
2013/03/19,09,42,2,,,,,
2013/03/19,10,266,2,,,,,
2013/03/19,11,430,2,,,,,
2013/03/19,12,432,2,,,,,
2013/03/19,13,472,3,,,,,
2013/03/19,14,466,3,,,,,
2013/03/19,15,444,2,,,,,
2013/03/19,16,476,2,,,,,
2013/03/19,17,428,2,,,,,
2013/03/19,18,494,2,,,,,
2013/03/19,19,468,2,,,,,
2013/03/19,20,466,2,,,,,
2013/03/19,21,158,0,,,,,
2013/03/19,22,140,0,,,,,
2013/03/19,23,40,0,,,,,
2013/03/19,24,30,0,,,,,
2013/03/20,01,28,0,,,,,
2013/03/20,02,32,0,,,,,
2013/03/20,03,34,0,,,,,
2013/03/20,04,28,0,,,,,
2013/03/20,05,32,0,,,,,
2013/03/20,06,30,0,,,,,
2013/03/20,07,30,0,,,,,
2013/03/20,08,34,0,,,,,
2013/03/20,09,58,2,,,,,
2013/03/20,10,204,2,,,,,
2013/03/20,11,494,2,,,,,
2013/03/20,12,424,3,,,,,
2013/03/20,13,478,3,,,,,
2013/03/20,14,444,3,,,,,
2013/03/20,15,440,3,,,,,
2013/03/20,16,476,3,,,,,
2013/03/20,17,446,3,,,,,
2013/03/20,18,504,3,,,,,
2013/03/20,19,514,2,,,,,
2013/03/20,20,476,2,,,,,
2013/03/20,21,280,2,,,,,
2013/03/20,22,100,0,,,,,
2013/03/20,23,48,0,,,,,
2013/03/20,24,30,2,,,,,
2013/03/21,01,30,0,,,,,
2013/03/21,02,32,0,,,,,
2013/03/21,03,34,2,,,,,
2013/03/21,04,30,0,,,,,
2013/03/21,05,34,0,,,,,
2013/03/21,06,30,0,,,,,
2013/03/21,07,30,0,,,,,
2013/03/21,08,34,0,,,,,
2013/03/21,09,38,2,,,,,
2013/03/21,10,154,2,,,,,
2013/03/21,11,450,2,,,,,
2013/03/21,12,432,3,,,,,
2013/03/21,13,428,3,,,,,
2013/03/21,14,474,3,,,,,
2013/03/21,15,432,3,,,,,
2013/03/21,16,424,2,,,,,
2013/03/21,17,428,3,,,,,
2013/03/21,18,440,2,,,,,
2013/03/21,19,500,2,,,,,
2013/03/21,20,502,2,,,,,
2013/03/21,21,204,2,,,,,
2013/03/21,22,38,0,,,,,
2013/03/21,23,30,0,,,,,
2013/03/21,24,30,0,,,,,
2013/03/22,01,30,0,,,,,
2013/03/22,02,28,0,,,,,
2013/03/22,03,30,0,,,,,
2013/03/22,04,30,0,,,,,
2013/03/22,05,28,0,,,,,
2013/03/22,06,34,0,,,,,
2013/03/22,07,30,2,,,,,
2013/03/22,08,34,0,,,,,
2013/03/22,09,58,0,,,,,
2013/03/22,10,228,2,,,,,
2013/03/22,11,478,2,,,,,
2013/03/22,12,448,3,,,,,
2013/03/22,13,474,3,,,,,
2013/03/22,14,422,3,,,,,
2013/03/22,15,434,3,,,,,
2013/03/22,16,422,2,,,,,
2013/03/22,17,484,2,,,,,
2013/03/22,18,458,2,,,,,
2013/03/22,19,472,2,,,,,
2013/03/22,20,514,2,,,,,
2013/03/22,21,228,0,,,,,
2013/03/22,22,88,2,,,,,
2013/03/22,23,38,0,,,,,
2013/03/22,24,30,0,,,,,
2013/03/23,01,28,0,,,,,
2013/03/23,02,28,0,,,,,
2013/03/23,03,30,0,,,,,
2013/03/23,04,30,0,,,,,
2013/03/23,05,28,0,,,,,
2013/03/23,06,32,0,,,,,
2013/03/23,07,30,0,,,,,
2013/03/23,08,30,0,,,,,
2013/03/23,09,42,0,,,,,
2013/03/23,10,158,2,,,,,
2013/03/23,11,412,3,,,,,
2013/03/23,12,452,3,,,,,
2013/03/23,13,476,3,,,,,
2013/03/23,14,470,3,,,,,
2013/03/23,15,482,3,,,,,
2013/03/23,16,494,3,,,,,
2013/03/23,17,418,3,,,,,
2013/03/23,18,432,3,,,,,
2013/03/23,19,458,3,,,,,
2013/03/23,20,510,2,,,,,
2013/03/23,21,208,2,,,,,
2013/03/23,22,54,0,,,,,
2013/03/23,23,32,0,,,,,
2013/03/23,24,30,0,,,,,
2013/03/24,01,34,0,,,,,
2013/03/24,02,34,0,,,,,
2013/03/24,03,34,0,,,,,
2013/03/24,04,32,0,,,,,
2013/03/24,05,34,0,,,,,
2013/03/24,06,30,0,,,,,
2013/03/24,07,30,0,,,,,
2013/03/24,08,34,0,,,,,
2013/03/24,09,44,0,,,,,
2013/03/24,10,230,2,,,,,
2013/03/24,11,420,3,,,,,
2013/03/24,12,496,3,,,,,
2013/03/24,13,454,3,,,,,
2013/03/24,14,492,3,,,,,
2013/03/24,15,430,3,,,,,
2013/03/24,16,468,3,,,,,
2013/03/24,17,438,3,,,,,
2013/03/24,18,486,3,,,,,
2013/03/24,19,448,2,,,,,
2013/03/24,20,504,2,,,,,
2013/03/24,21,292,2,,,,,
2013/03/24,22,122,0,,,,,
2013/03/24,23,72,0,,,,,
2013/03/24,24,38,0,,,,,
2013/03/25,01,30,0,,,,,
2013/03/25,02,32,0,,,,,
2013/03/25,03,30,0,,,,,
2013/03/25,04,34,0,,,,,
2013/03/25,05,30,0,,,,,
2013/03/25,06,32,0,,,,,
2013/03/25,07,30,0,,,,,
2013/03/25,08,32,0,,,,,
2013/03/25,09,44,0,,,,,
2013/03/25,10,200,2,,,,,
2013/03/25,11,454,2,,,,,
2013/03/25,12,434,2,,,,,
2013/03/25,13,438,2,,,,,
2013/03/25,14,446,3,,,,,
2013/03/25,15,468,2,,,,,
2013/03/25,16,480,2,,,,,
2013/03/25,17,422,2,,,,,
2013/03/25,18,450,2,,,,,
2013/03/25,19,510,2,,,,,
2013/03/25,20,516,2,,,,,
2013/03/25,21,344,0,,,,,
2013/03/25,22,238,0,,,,,
2013/03/25,23,242,0,,,,,
2013/03/25,24,244,0,,,,,
2013/03/26,01,258,2,,,,,
2013/03/26,02,242,2,,,,,
2013/03/26,03,262,2,,,,,
2013/03/26,04,272,3,,,,,
2013/03/26,05,250,2,,,,,
2013/03/26,06,40,0,,,,,
2013/03/26,07,28,0,,,,,
2013/03/26,08,30,0,,,,,
2013/03/26,09,58,0,,,,,
2013/03/26,10,186,2,,,,,
2013/03/26,11,418,3,,,,,
2013/03/26,12,420,3,,,,,
2013/03/26,13,544,5,,,,,
2013/03/26,14,440,3,,,,,
2013/03/26,15,440,2,,,,,
2013/03/26,16,412,2,,,,,
2013/03/26,17,452,2,,,,,
2013/03/26,18,424,2,,,,,
2013/03/26,19,480,2,,,,,
2013/03/26,20,482,2,,,,,
2013/03/26,21,310,0,,,,,
2013/03/26,22,210,0,,,,,
2013/03/26,23,154,0,,,,,
2013/03/26,24,30,0,,,,,
2013/03/27,01,28,0,,,,,
2013/03/27,02,30,0,,,,,
2013/03/27,03,28,0,,,,,
2013/03/27,04,32,0,,,,,
2013/03/27,05,30,0,,,,,
2013/03/27,06,32,0,,,,,
2013/03/27,07,32,0,,,,,
2013/03/27,08,30,0,,,,,
2013/03/27,09,46,0,,,,,
2013/03/27,10,158,2,,,,,
2013/03/27,11,438,2,,,,,
2013/03/27,12,462,2,,,,,
2013/03/27,13,486,2,,,,,
2013/03/27,14,438,2,,,,,
2013/03/27,15,426,2,,,,,
2013/03/27,16,440,2,,,,,
2013/03/27,17,442,2,,,,,
2013/03/27,18,468,2,,,,,
2013/03/27,19,460,2,,,,,
2013/03/27,20,450,2,,,,,
2013/03/27,21,348,0,,,,,
2013/03/27,22,144,0,,,,,
2013/03/27,23,68,0,,,,,
2013/03/27,24,30,0,,,,,
2013/03/28,01,28,0,,,,,
2013/03/28,02,28,0,,,,,
2013/03/28,03,30,0,,,,,
2013/03/28,04,30,0,,,,,
2013/03/28,05,30,0,,,,,
2013/03/28,06,34,0,,,,,
2013/03/28,07,28,0,,,,,
2013/03/28,08,28,0,,,,,
2013/03/28,09,40,0,,,,,
2013/03/28,10,156,2,,,,,
2013/03/28,11,492,2,,,,,
2013/03/28,12,418,2,,,,,
2013/03/28,13,458,2,,,,,
2013/03/28,14,450,2,,,,,
2013/03/28,15,438,2,,,,,
2013/03/28,16,422,2,,,,,
2013/03/28,17,436,2,,,,,
2013/03/28,18,462,2,,,,,
2013/03/28,19,462,0,,,,,
2013/03/28,20,498,2,,,,,
2013/03/28,21,216,0,,,,,
2013/03/28,22,32,0,,,,,
2013/03/28,23,34,0,,,,,
2013/03/28,24,30,0,,,,,
2013/03/29,01,30,0,,,,,
2013/03/29,02,28,0,,,,,
2013/03/29,03,32,0,,,,,
2013/03/29,04,30,0,,,,,
2013/03/29,05,30,0,,,,,
2013/03/29,06,32,0,,,,,
2013/03/29,07,32,0,,,,,
2013/03/29,08,32,0,,,,,
2013/03/29,09,38,2,,,,,
2013/03/29,10,124,2,,,,,
2013/03/29,11,412,2,,,,,
2013/03/29,12,450,3,,,,,
2013/03/29,13,468,3,,,,,
2013/03/29,14,480,2,,,,,
2013/03/29,15,496,2,,,,,
2013/03/29,16,458,2,,,,,
2013/03/29,17,426,2,,,,,
2013/03/29,18,512,2,,,,,
2013/03/29,19,480,2,,,,,
2013/03/29,20,452,2,,,,,
2013/03/29,21,280,0,,,,,
2013/03/29,22,80,0,,,,,
2013/03/29,23,62,0,,,,,
2013/03/29,24,42,0,,,,,
2013/03/30,01,38,0,,,,,
2013/03/30,02,38,0,,,,,
2013/03/30,03,38,0,,,,,
2013/03/30,04,34,0,,,,,
2013/03/30,05,34,0,,,,,
2013/03/30,06,42,0,,,,,
2013/03/30,07,38,0,,,,,
2013/03/30,08,36,0,,,,,
2013/03/30,09,62,0,,,,,
2013/03/30,10,234,2,,,,,
2013/03/30,11,484,2,,,,,
2013/03/30,12,422,2,,,,,
2013/03/30,13,462,3,,,,,
2013/03/30,14,458,3,,,,,
2013/03/30,15,430,3,,,,,
2013/03/30,16,438,3,,,,,
2013/03/30,17,472,3,,,,,
2013/03/30,18,498,3,,,,,
2013/03/30,19,506,2,,,,,
2013/03/30,20,448,2,,,,,
2013/03/30,21,336,0,,,,,
2013/03/30,22,130,0,,,,,
2013/03/30,23,36,0,,,,,
2013/03/30,24,30,0,,,,,
2013/03/31,01,28,0,,,,,
2013/03/31,02,30,0,,,,,
2013/03/31,03,32,0,,,,,
2013/03/31,04,30,0,,,,,
2013/03/31,05,28,0,,,,,
2013/03/31,06,30,0,,,,,
2013/03/31,07,30,0,,,,,
2013/03/31,08,30,0,,,,,
2013/03/31,09,46,2,,,,,
2013/03/31,10,322,2,,,,,
2013/03/31,11,484,2,,,,,
2013/03/31,12,478,3,,,,,
2013/03/31,13,496,3,,,,,
2013/03/31,14,488,3,,,,,
2013/03/31,15,472,3,,,,,
2013/03/31,16,452,3,,,,,
2013/03/31,17,444,3,,,,,
2013/03/31,18,492,3,,,,,
2013/03/31,19,506,2,,,,,
2013/03/31,20,522,2,,,,,
2013/03/31,21,374,0,,,,,
2013/03/31,22,80,0,,,,,
2013/03/31,23,38,0,,,,,
2013/03/31,24,34,0,,,,,
2013/04/01,01,30,0,,,,,
2013/04/01,02,28,0,,,,,
2013/04/01,03,34,0,,,,,
2013/04/01,04,28,0,,,,,
2013/04/01,05,32,0,,,,,
2013/04/01,06,30,0,,,,,
2013/04/01,07,28,0,,,,,
2013/04/01,08,28,0,,,,,
2013/04/01,09,54,0,,,,,
2013/04/01,10,202,2,,,,,
2013/04/01,11,416,2,,,,,
2013/04/01,12,474,3,,,,,
2013/04/01,13,464,2,,,,,
2013/04/01,14,442,3,,,,,
2013/04/01,15,418,2,,,,,
2013/04/01,16,416,2,,,,,
2013/04/01,17,432,2,,,,,
2013/04/01,18,454,2,,,,,
2013/04/01,19,464,2,,,,,
2013/04/01,20,450,2,,,,,
2013/04/01,21,306,2,,,,,
2013/04/01,22,130,0,,,,,
2013/04/01,23,142,0,,,,,
2013/04/01,24,148,0,,,,,
2013/04/02,01,40,0,,,,,
2013/04/02,02,30,0,,,,,
2013/04/02,03,34,0,,,,,
2013/04/02,04,30,0,,,,,
2013/04/02,05,34,0,,,,,
2013/04/02,06,32,0,,,,,
2013/04/02,07,30,0,,,,,
2013/04/02,08,34,0,,,,,
2013/04/02,09,42,2,,,,,
2013/04/02,10,218,2,,,,,
2013/04/02,11,436,2,,,,,
2013/04/02,12,440,2,,,,,
2013/04/02,13,448,2,,,,,
2013/04/02,14,498,3,,,,,
2013/04/02,15,478,2,,,,,
2013/04/02,16,424,2,,,,,
2013/04/02,17,490,2,,,,,
2013/04/02,18,496,2,,,,,
2013/04/02,19,512,2,,,,,
2013/04/02,20,456,0,,,,,
2013/04/02,21,188,0,,,,,
2013/04/02,22,40,0,,,,,
2013/04/02,23,32,0,,,,,
2013/04/02,24,32,0,,,,,
2013/04/03,01,30,0,,,,,
2013/04/03,02,32,0,,,,,
2013/04/03,03,30,0,,,,,
2013/04/03,04,26,0,,,,,
2013/04/03,05,28,0,,,,,
2013/04/03,06,32,0,,,,,
2013/04/03,07,30,0,,,,,
2013/04/03,08,32,0,,,,,
2013/04/03,09,42,0,,,,,
2013/04/03,10,276,2,,,,,
2013/04/03,11,450,2,,,,,
2013/04/03,12,484,2,,,,,
2013/04/03,13,504,2,,,,,
2013/04/03,14,442,2,,,,,
2013/04/03,15,474,2,,,,,
2013/04/03,16,496,2,,,,,
2013/04/03,17,452,2,,,,,
2013/04/03,18,458,2,,,,,
2013/04/03,19,544,2,,,,,
2013/04/03,20,524,2,,,,,
2013/04/03,21,338,0,,,,,
2013/04/03,22,112,0,,,,,
2013/04/03,23,120,0,,,,,
2013/04/03,24,120,0,,,,,
2013/04/04,01,44,0,,,,,
2013/04/04,02,32,0,,,,,
2013/04/04,03,34,0,,,,,
2013/04/04,04,36,0,,,,,
2013/04/04,05,32,0,,,,,
2013/04/04,06,32,0,,,,,
2013/04/04,07,36,0,,,,,
2013/04/04,08,32,0,,,,,
2013/04/04,09,70,0,,,,,
2013/04/04,10,140,2,,,,,
2013/04/04,11,486,2,,,,,
2013/04/04,12,412,2,,,,,
2013/04/04,13,474,2,,,,,
2013/04/04,14,482,2,,,,,
2013/04/04,15,466,2,,,,,
2013/04/04,16,436,2,,,,,
2013/04/04,17,464,2,,,,,
2013/04/04,18,430,2,,,,,
2013/04/04,19,460,2,,,,,
2013/04/04,20,492,2,,,,,
2013/04/04,21,262,0,,,,,
2013/04/04,22,122,0,,,,,
2013/04/04,23,78,0,,,,,
2013/04/04,24,48,0,,,,,
2013/04/05,01,30,0,,,,,
2013/04/05,02,28,0,,,,,
2013/04/05,03,32,0,,,,,
2013/04/05,04,30,0,,,,,
2013/04/05,05,28,0,,,,,
2013/04/05,06,30,0,,,,,
2013/04/05,07,32,0,,,,,
2013/04/05,08,28,0,,,,,
2013/04/05,09,70,0,,,,,
2013/04/05,10,266,2,,,,,
2013/04/05,11,418,2,,,,,
2013/04/05,12,452,2,,,,,
2013/04/05,13,446,3,,,,,
2013/04/05,14,436,3,,,,,
2013/04/05,15,438,2,,,,,
2013/04/05,16,464,2,,,,,
2013/04/05,17,468,2,,,,,
2013/04/05,18,494,2,,,,,
2013/04/05,19,498,2,,,,,
2013/04/05,20,456,2,,,,,
2013/04/05,21,262,0,,,,,
2013/04/05,22,102,0,,,,,
2013/04/05,23,28,0,,,,,
2013/04/05,24,28,0,,,,,
2013/04/06,01,32,0,,,,,
2013/04/06,02,28,0,,,,,
2013/04/06,03,30,0,,,,,
2013/04/06,04,32,0,,,,,
2013/04/06,05,28,0,,,,,
2013/04/06,06,32,0,,,,,
2013/04/06,07,32,0,,,,,
2013/04/06,08,28,0,,,,,
2013/04/06,09,46,0,,,,,
2013/04/06,10,226,2,,,,,
2013/04/06,11,456,2,,,,,
2013/04/06,12,454,3,,,,,
2013/04/06,13,452,3,,,,,
2013/04/06,14,462,3,,,,,
2013/04/06,15,434,3,,,,,
2013/04/06,16,484,3,,,,,
2013/04/06,17,480,3,,,,,
2013/04/06,18,466,2,,,,,
2013/04/06,19,490,2,,,,,
2013/04/06,20,448,2,,,,,
2013/04/06,21,278,0,,,,,
2013/04/06,22,54,0,,,,,
2013/04/06,23,32,0,,,,,
2013/04/06,24,30,0,,,,,
2013/04/07,01,30,0,,,,,
2013/04/07,02,34,0,,,,,
2013/04/07,03,34,0,,,,,
2013/04/07,04,30,0,,,,,
2013/04/07,05,30,0,,,,,
2013/04/07,06,30,0,,,,,
2013/04/07,07,34,0,,,,,
2013/04/07,08,32,0,,,,,
2013/04/07,09,56,0,,,,,
2013/04/07,10,266,2,,,,,
2013/04/07,11,464,2,,,,,
2013/04/07,12,442,3,,,,,
2013/04/07,13,494,3,,,,,
2013/04/07,14,502,3,,,,,
2013/04/07,15,494,3,,,,,
2013/04/07,16,460,3,,,,,
2013/04/07,17,492,3,,,,,
2013/04/07,18,442,3,,,,,
2013/04/07,19,460,2,,,,,
2013/04/07,20,484,2,,,,,
2013/04/07,21,294,0,,,,,
2013/04/07,22,80,0,,,,,
2013/04/07,23,54,0,,,,,
2013/04/07,24,32,0,,,,,
2013/04/08,01,30,0,,,,,
2013/04/08,02,28,0,,,,,
2013/04/08,03,32,0,,,,,
2013/04/08,04,32,0,,,,,
2013/04/08,05,32,0,,,,,
2013/04/08,06,30,0,,,,,
2013/04/08,07,28,0,,,,,
2013/04/08,08,28,0,,,,,
2013/04/08,09,50,0,,,,,
2013/04/08,10,262,2,,,,,
2013/04/08,11,442,2,,,,,
2013/04/08,12,414,3,,,,,
2013/04/08,13,486,3,,,,,
2013/04/08,14,412,3,,,,,
2013/04/08,15,460,3,,,,,
2013/04/08,16,428,2,,,,,
2013/04/08,17,460,2,,,,,
2013/04/08,18,488,2,,,,,
2013/04/08,19,526,2,,,,,
2013/04/08,20,472,2,,,,,
2013/04/08,21,170,0,,,,,
2013/04/08,22,60,0,,,,,
2013/04/08,23,38,0,,,,,
2013/04/08,24,36,0,,,,,
2013/04/09,01,30,0,,,,,
2013/04/09,02,36,0,,,,,
2013/04/09,03,36,0,,,,,
2013/04/09,04,30,0,,,,,
2013/04/09,05,34,0,,,,,
2013/04/09,06,32,0,,,,,
2013/04/09,07,36,0,,,,,
2013/04/09,08,36,0,,,,,
2013/04/09,09,50,0,,,,,
2013/04/09,10,236,2,,,,,
2013/04/09,11,470,2,,,,,
2013/04/09,12,428,3,,,,,
2013/04/09,13,468,3,,,,,
2013/04/09,14,482,3,,,,,
2013/04/09,15,408,2,,,,,
2013/04/09,16,478,5,,,,,
2013/04/09,17,492,6,,,,,
2013/04/09,18,420,2,,,,,
2013/04/09,19,482,2,,,,,
2013/04/09,20,468,2,,,,,
2013/04/09,21,320,0,,,,,
2013/04/09,22,270,0,,,,,
2013/04/09,23,262,0,,,,,
2013/04/09,24,264,2,,,,,
2013/04/10,01,198,2,,,,,
2013/04/10,02,30,0,,,,,
2013/04/10,03,32,0,,,,,
2013/04/10,04,32,0,,,,,
2013/04/10,05,30,0,,,,,
2013/04/10,06,30,0,,,,,
2013/04/10,07,28,0,,,,,
2013/04/10,08,32,0,,,,,
2013/04/10,09,132,2,,,,,
2013/04/10,10,414,2,,,,,
2013/04/10,11,442,3,,,,,
2013/04/10,12,424,3,,,,,
2013/04/10,13,454,3,,,,,
2013/04/10,14,490,2,,,,,
2013/04/10,15,482,2,,,,,
2013/04/10,16,458,2,,,,,
2013/04/10,17,474,2,,,,,
2013/04/10,18,424,2,,,,,
2013/04/10,19,524,2,,,,,
2013/04/10,20,470,2,,,,,
2013/04/10,21,262,0,,,,,
2013/04/10,22,114,0,,,,,
2013/04/10,23,108,0,,,,,
2013/04/10,24,108,0,,,,,
2013/04/11,01,36,0,,,,,
2013/04/11,02,32,0,,,,,
2013/04/11,03,34,0,,,,,
2013/04/11,04,30,0,,,,,
2013/04/11,05,34,0,,,,,
2013/04/11,06,32,0,,,,,
2013/04/11,07,36,0,,,,,
2013/04/11,08,34,0,,,,,
2013/04/11,09,50,0,,,,,
2013/04/11,10,180,2,,,,,
2013/04/11,11,464,2,,,,,
2013/04/11,12,436,3,,,,,
2013/04/11,13,472,2,,,,,
2013/04/11,14,448,2,,,,,
2013/04/11,15,482,2,,,,,
2013/04/11,16,460,2,,,,,
2013/04/11,17,458,2,,,,,
2013/04/11,18,430,2,,,,,
2013/04/11,19,492,2,,,,,
2013/04/11,20,516,2,,,,,
2013/04/11,21,262,0,,,,,
2013/04/11,22,46,0,,,,,
2013/04/11,23,30,0,,,,,
2013/04/11,24,30,0,,,,,
2013/04/12,01,32,0,,,,,
2013/04/12,02,32,0,,,,,
2013/04/12,03,28,0,,,,,
2013/04/12,04,28,0,,,,,
2013/04/12,05,32,0,,,,,
2013/04/12,06,28,0,,,,,
2013/04/12,07,32,0,,,,,
2013/04/12,08,42,0,,,,,
2013/04/12,09,120,0,,,,,
2013/04/12,10,242,2,,,,,
2013/04/12,11,474,2,,,,,
2013/04/12,12,424,2,,,,,
2013/04/12,13,452,2,,,,,
2013/04/12,14,460,2,,,,,
2013/04/12,15,466,3,,,,,
2013/04/12,16,430,3,,,,,
2013/04/12,17,480,3,,,,,
2013/04/12,18,416,3,,,,,
2013/04/12,19,486,2,,,,,
2013/04/12,20,528,2,,,,,
2013/04/12,21,210,0,,,,,
2013/04/12,22,50,0,,,,,
2013/04/12,23,34,0,,,,,
2013/04/12,24,32,0,,,,,
2013/04/13,01,32,0,,,,,
2013/04/13,02,28,0,,,,,
2013/04/13,03,32,0,,,,,
2013/04/13,04,30,0,,,,,
2013/04/13,05,28,0,,,,,
2013/04/13,06,34,0,,,,,
2013/04/13,07,28,0,,,,,
2013/04/13,08,30,0,,,,,
2013/04/13,09,120,2,,,,,
2013/04/13,10,326,2,,,,,
2013/04/13,11,494,3,,,,,
2013/04/13,12,454,3,,,,,
2013/04/13,13,496,3,,,,,
2013/04/13,14,486,3,,,,,
2013/04/13,15,454,3,,,,,
2013/04/13,16,424,3,,,,,
2013/04/13,17,464,3,,,,,
2013/04/13,18,428,3,,,,,
2013/04/13,19,534,2,,,,,
2013/04/13,20,482,2,,,,,
2013/04/13,21,324,2,,,,,
2013/04/13,22,104,0,,,,,
2013/04/13,23,32,0,,,,,
2013/04/13,24,32,0,,,,,
2013/04/14,01,32,0,,,,,
2013/04/14,02,32,0,,,,,
2013/04/14,03,30,0,,,,,
2013/04/14,04,30,0,,,,,
2013/04/14,05,28,0,,,,,
2013/04/14,06,32,0,,,,,
2013/04/14,07,28,0,,,,,
2013/04/14,08,30,0,,,,,
2013/04/14,09,60,0,,,,,
2013/04/14,10,310,2,,,,,
2013/04/14,11,476,3,,,,,
2013/04/14,12,496,3,,,,,
2013/04/14,13,498,3,,,,,
2013/04/14,14,496,3,,,,,
2013/04/14,15,502,3,,,,,
2013/04/14,16,428,3,,,,,
2013/04/14,17,504,3,,,,,
2013/04/14,18,436,2,,,,,
2013/04/14,19,500,2,,,,,
2013/04/14,20,460,2,,,,,
2013/04/14,21,326,0,,,,,
2013/04/14,22,54,0,,,,,
2013/04/14,23,30,0,,,,,
2013/04/14,24,32,0,,,,,
2013/04/15,01,34,0,,,,,
2013/04/15,02,28,0,,,,,
2013/04/15,03,28,0,,,,,
2013/04/15,04,32,0,,,,,
2013/04/15,05,32,0,,,,,
2013/04/15,06,32,0,,,,,
2013/04/15,07,32,0,,,,,
2013/04/15,08,46,0,,,,,
2013/04/15,09,60,0,,,,,
2013/04/15,10,208,2,,,,,
2013/04/15,11,482,2,,,,,
2013/04/15,12,438,2,,,,,
2013/04/15,13,480,2,,,,,
2013/04/15,14,448,2,,,,,
2013/04/15,15,438,2,,,,,
2013/04/15,16,438,2,,,,,
2013/04/15,17,470,2,,,,,
2013/04/15,18,482,2,,,,,
2013/04/15,19,526,2,,,,,
2013/04/15,20,478,2,,,,,
2013/04/15,21,274,0,,,,,
2013/04/15,22,138,0,,,,,
2013/04/15,23,54,0,,,,,
2013/04/15,24,28,0,,,,,
2013/04/16,01,32,0,,,,,
2013/04/16,02,30,0,,,,,
2013/04/16,03,30,0,,,,,
2013/04/16,04,28,0,,,,,
2013/04/16,05,28,0,,,,,
2013/04/16,06,28,0,,,,,
2013/04/16,07,32,0,,,,,
2013/04/16,08,30,0,,,,,
2013/04/16,09,36,0,,,,,
2013/04/16,10,252,2,,,,,
2013/04/16,11,446,2,,,,,
2013/04/16,12,492,3,,,,,
2013/04/16,13,460,3,,,,,
2013/04/16,14,430,3,,,,,
2013/04/16,15,464,3,,,,,
2013/04/16,16,416,2,,,,,
2013/04/16,17,426,2,,,,,
2013/04/16,18,430,2,,,,,
2013/04/16,19,482,2,,,,,
2013/04/16,20,464,2,,,,,
2013/04/16,21,202,0,,,,,
2013/04/16,22,38,0,,,,,
2013/04/16,23,30,0,,,,,
2013/04/16,24,30,0,,,,,
2013/04/17,01,32,0,,,,,
2013/04/17,02,28,0,,,,,
2013/04/17,03,28,0,,,,,
2013/04/17,04,30,0,,,,,
2013/04/17,05,28,0,,,,,
2013/04/17,06,32,0,,,,,
2013/04/17,07,32,0,,,,,
2013/04/17,08,30,0,,,,,
2013/04/17,09,44,0,,,,,
2013/04/17,10,238,2,,,,,
2013/04/17,11,410,2,,,,,
2013/04/17,12,484,3,,,,,
2013/04/17,13,494,3,,,,,
2013/04/17,14,474,2,,,,,
2013/04/17,15,450,2,,,,,
2013/04/17,16,458,2,,,,,
2013/04/17,17,412,2,,,,,
2013/04/17,18,490,2,,,,,
2013/04/17,19,520,2,,,,,
2013/04/17,20,482,2,,,,,
2013/04/17,21,256,2,,,,,
2013/04/17,22,142,0,,,,,
2013/04/17,23,116,0,,,,,
2013/04/17,24,46,0,,,,,
2013/04/18,01,28,0,,,,,
2013/04/18,02,30,0,,,,,
2013/04/18,03,28,0,,,,,
2013/04/18,04,32,0,,,,,
2013/04/18,05,32,0,,,,,
2013/04/18,06,34,0,,,,,
2013/04/18,07,30,0,,,,,
2013/04/18,08,28,0,,,,,
2013/04/18,09,52,0,,,,,
2013/04/18,10,152,2,,,,,
2013/04/18,11,474,2,,,,,
2013/04/18,12,482,2,,,,,
2013/04/18,13,458,2,,,,,
2013/04/18,14,470,3,,,,,
2013/04/18,15,486,2,,,,,
2013/04/18,16,434,2,,,,,
2013/04/18,17,454,3,,,,,
2013/04/18,18,452,2,,,,,
2013/04/18,19,474,2,,,,,
2013/04/18,20,492,2,,,,,
2013/04/18,21,230,0,,,,,
2013/04/18,22,56,0,,,,,
2013/04/18,23,28,0,,,,,
2013/04/18,24,28,0,,,,,
2013/04/19,01,30,0,,,,,
2013/04/19,02,30,0,,,,,
2013/04/19,03,30,0,,,,,
2013/04/19,04,30,0,,,,,
2013/04/19,05,30,0,,,,,
2013/04/19,06,32,0,,,,,
2013/04/19,07,30,0,,,,,
2013/04/19,08,32,0,,,,,
2013/04/19,09,44,0,,,,,
2013/04/19,10,234,2,,,,,
2013/04/19,11,424,2,,,,,
2013/04/19,12,428,3,,,,,
2013/04/19,13,434,3,,,,,
2013/04/19,14,480,3,,,,,
2013/04/19,15,470,2,,,,,
2013/04/19,16,438,2,,,,,
2013/04/19,17,428,2,,,,,
2013/04/19,18,490,2,,,,,
2013/04/19,19,486,2,,,,,
2013/04/19,20,530,2,,,,,
2013/04/19,21,264,0,,,,,
2013/04/19,22,162,0,,,,,
2013/04/19,23,30,0,,,,,
2013/04/19,24,28,0,,,,,
2013/04/20,01,30,0,,,,,
2013/04/20,02,30,0,,,,,
2013/04/20,03,28,0,,,,,
2013/04/20,04,30,0,,,,,
2013/04/20,05,32,0,,,,,
2013/04/20,06,30,0,,,,,
2013/04/20,07,28,0,,,,,
2013/04/20,08,28,0,,,,,
2013/04/20,09,36,2,,,,,
2013/04/20,10,200,2,,,,,
2013/04/20,11,446,2,,,,,
2013/04/20,12,450,3,,,,,
2013/04/20,13,430,3,,,,,
2013/04/20,14,424,3,,,,,
2013/04/20,15,450,5,,,,,
2013/04/20,16,428,3,,,,,
2013/04/20,17,468,3,,,,,
2013/04/20,18,504,3,,,,,
2013/04/20,19,468,2,,,,,
2013/04/20,20,450,2,,,,,
2013/04/20,21,344,0,,,,,
2013/04/20,22,36,0,,,,,
2013/04/20,23,34,0,,,,,
2013/04/20,24,30,0,,,,,
2013/04/21,01,30,0,,,,,
2013/04/21,02,32,0,,,,,
2013/04/21,03,32,0,,,,,
2013/04/21,04,28,0,,,,,
2013/04/21,05,30,0,,,,,
2013/04/21,06,28,0,,,,,
2013/04/21,07,28,0,,,,,
2013/04/21,08,32,0,,,,,
2013/04/21,09,46,2,,,,,
2013/04/21,10,264,2,,,,,
2013/04/21,11,438,2,,,,,
2013/04/21,12,492,3,,,,,
2013/04/21,13,476,3,,,,,
2013/04/21,14,430,3,,,,,
2013/04/21,15,478,3,,,,,
2013/04/21,16,496,3,,,,,
2013/04/21,17,434,3,,,,,
2013/04/21,18,474,2,,,,,
2013/04/21,19,498,2,,,,,
2013/04/21,20,512,2,,,,,
2013/04/21,21,282,2,,,,,
2013/04/21,22,232,0,,,,,
2013/04/21,23,44,0,,,,,
2013/04/21,24,32,0,,,,,
2013/04/22,01,34,0,,,,,
2013/04/22,02,34,0,,,,,
2013/04/22,03,30,0,,,,,
2013/04/22,04,30,0,,,,,
2013/04/22,05,30,0,,,,,
2013/04/22,06,28,0,,,,,
2013/04/22,07,32,0,,,,,
2013/04/22,08,34,0,,,,,
2013/04/22,09,66,0,,,,,
2013/04/22,10,238,2,,,,,
2013/04/22,11,430,2,,,,,
2013/04/22,12,424,3,,,,,
2013/04/22,13,422,2,,,,,
2013/04/22,14,458,3,,,,,
2013/04/22,15,460,3,,,,,
2013/04/22,16,432,3,,,,,
2013/04/22,17,488,2,,,,,
2013/04/22,18,418,2,,,,,
2013/04/22,19,492,2,,,,,
2013/04/22,20,514,2,,,,,
2013/04/22,21,188,2,,,,,
2013/04/22,22,80,0,,,,,
2013/04/22,23,62,0,,,,,
2013/04/22,24,38,0,,,,,
2013/04/23,01,32,0,,,,,
2013/04/23,02,30,0,,,,,
2013/04/23,03,30,0,,,,,
2013/04/23,04,32,0,,,,,
2013/04/23,05,30,0,,,,,
2013/04/23,06,30,0,,,,,
2013/04/23,07,32,0,,,,,
2013/04/23,08,32,0,,,,,
2013/04/23,09,92,0,,,,,
2013/04/23,10,236,2,,,,,
2013/04/23,11,496,3,,,,,
2013/04/23,12,434,3,,,,,
2013/04/23,13,442,3,,,,,
2013/04/23,14,492,3,,,,,
2013/04/23,15,464,2,,,,,
2013/04/23,16,470,2,,,,,
2013/04/23,17,476,2,,,,,
2013/04/23,18,430,2,,,,,
2013/04/23,19,530,2,,,,,
2013/04/23,20,450,0,,,,,
2013/04/23,21,258,0,,,,,
2013/04/23,22,40,0,,,,,
2013/04/23,23,28,0,,,,,
2013/04/23,24,28,0,,,,,
2013/04/24,01,32,0,,,,,
2013/04/24,02,30,0,,,,,
2013/04/24,03,32,0,,,,,
2013/04/24,04,30,0,,,,,
2013/04/24,05,28,0,,,,,
2013/04/24,06,28,0,,,,,
2013/04/24,07,28,0,,,,,
2013/04/24,08,46,0,,,,,
2013/04/24,09,96,0,,,,,
2013/04/24,10,382,2,,,,,
2013/04/24,11,494,3,,,,,
2013/04/24,12,426,2,,,,,
2013/04/24,13,424,2,,,,,
2013/04/24,14,472,2,,,,,
2013/04/24,15,490,3,,,,,
2013/04/24,16,458,3,,,,,
2013/04/24,17,476,2,,,,,
2013/04/24,18,422,2,,,,,
2013/04/24,19,478,2,,,,,
2013/04/24,20,510,2,,,,,
2013/04/24,21,280,2,,,,,
2013/04/24,22,180,0,,,,,
2013/04/24,23,92,0,,,,,
2013/04/24,24,30,0,,,,,
2013/04/25,01,32,0,,,,,
2013/04/25,02,32,0,,,,,
2013/04/25,03,32,0,,,,,
2013/04/25,04,30,0,,,,,
2013/04/25,05,28,0,,,,,
2013/04/25,06,28,0,,,,,
2013/04/25,07,28,0,,,,,
2013/04/25,08,34,0,,,,,
2013/04/25,09,82,0,,,,,
2013/04/25,10,256,2,,,,,
2013/04/25,11,420,2,,,,,
2013/04/25,12,460,2,,,,,
2013/04/25,13,438,3,,,,,
2013/04/25,14,450,3,,,,,
2013/04/25,15,490,2,,,,,
2013/04/25,16,454,2,,,,,
2013/04/25,17,480,2,,,,,
2013/04/25,18,438,2,,,,,
2013/04/25,19,506,2,,,,,
2013/04/25,20,526,2,,,,,
2013/04/25,21,258,0,,,,,
2013/04/25,22,58,0,,,,,
2013/04/25,23,30,0,,,,,
2013/04/25,24,30,0,,,,,
2013/04/26,01,28,0,,,,,
2013/04/26,02,30,0,,,,,
2013/04/26,03,30,0,,,,,
2013/04/26,04,32,0,,,,,
2013/04/26,05,32,0,,,,,
2013/04/26,06,32,0,,,,,
2013/04/26,07,28,0,,,,,
2013/04/26,08,44,0,,,,,
2013/04/26,09,78,2,,,,,
2013/04/26,10,272,2,,,,,
2013/04/26,11,468,2,,,,,
2013/04/26,12,448,3,,,,,
2013/04/26,13,484,3,,,,,
2013/04/26,14,476,3,,,,,
2013/04/26,15,460,3,,,,,
2013/04/26,16,440,3,,,,,
2013/04/26,17,488,2,,,,,
2013/04/26,18,442,2,,,,,
2013/04/26,19,478,2,,,,,
2013/04/26,20,504,2,,,,,
2013/04/26,21,334,0,,,,,
2013/04/26,22,244,0,,,,,
2013/04/26,23,32,0,,,,,
2013/04/26,24,28,0,,,,,
2013/04/27,01,30,0,,,,,
2013/04/27,02,28,0,,,,,
2013/04/27,03,32,0,,,,,
2013/04/27,04,28,0,,,,,
2013/04/27,05,32,0,,,,,
2013/04/27,06,28,0,,,,,
2013/04/27,07,32,0,,,,,
2013/04/27,08,32,0,,,,,
2013/04/27,09,58,2,,,,,
2013/04/27,10,316,2,,,,,
2013/04/27,11,452,3,,,,,
2013/04/27,12,502,3,,,,,
2013/04/27,13,494,3,,,,,
2013/04/27,14,478,3,,,,,
2013/04/27,15,462,3,,,,,
2013/04/27,16,458,3,,,,,
2013/04/27,17,426,3,,,,,
2013/04/27,18,468,3,,,,,
2013/04/27,19,462,2,,,,,
2013/04/27,20,526,2,,,,,
2013/04/27,21,284,2,,,,,
2013/04/27,22,142,0,,,,,
2013/04/27,23,68,0,,,,,
2013/04/27,24,30,0,,,,,
2013/04/28,01,30,0,,,,,
2013/04/28,02,32,0,,,,,
2013/04/28,03,30,0,,,,,
2013/04/28,04,32,0,,,,,
2013/04/28,05,30,0,,,,,
2013/04/28,06,30,0,,,,,
2013/04/28,07,30,0,,,,,
2013/04/28,08,28,0,,,,,
2013/04/28,09,54,2,,,,,
2013/04/28,10,218,2,,,,,
2013/04/28,11,428,3,,,,,
2013/04/28,12,426,3,,,,,
2013/04/28,13,476,3,,,,,
2013/04/28,14,442,3,,,,,
2013/04/28,15,502,3,,,,,
2013/04/28,16,430,3,,,,,
2013/04/28,17,492,3,,,,,
2013/04/28,18,490,3,,,,,
2013/04/28,19,504,2,,,,,
2013/04/28,20,516,2,,,,,
2013/04/28,21,366,0,,,,,
2013/04/28,22,130,0,,,,,
2013/04/28,23,32,0,,,,,
2013/04/28,24,32,0,,,,,
2013/04/29,01,30,0,,,,,
2013/04/29,02,30,0,,,,,
2013/04/29,03,32,0,,,,,
2013/04/29,04,30,0,,,,,
2013/04/29,05,28,0,,,,,
2013/04/29,06,30,0,,,,,
2013/04/29,07,32,0,,,,,
2013/04/29,08,34,0,,,,,
2013/04/29,09,54,0,,,,,
2013/04/29,10,304,2,,,,,
2013/04/29,11,486,3,,,,,
2013/04/29,12,428,3,,,,,
2013/04/29,13,464,5,,,,,
2013/04/29,14,452,5,,,,,
2013/04/29,15,492,3,,,,,
2013/04/29,16,446,3,,,,,
2013/04/29,17,458,3,,,,,
2013/04/29,18,448,3,,,,,
2013/04/29,19,506,3,,,,,
2013/04/29,20,498,2,,,,,
2013/04/29,21,286,0,,,,,
2013/04/29,22,124,0,,,,,
2013/04/29,23,96,0,,,,,
2013/04/29,24,32,0,,,,,
2013/04/30,01,30,0,,,,,
2013/04/30,02,30,0,,,,,
2013/04/30,03,32,0,,,,,
2013/04/30,04,32,0,,,,,
2013/04/30,05,28,0,,,,,
2013/04/30,06,30,0,,,,,
2013/04/30,07,30,0,,,,,
2013/04/30,08,32,0,,,,,
2013/04/30,09,60,2,,,,,
2013/04/30,10,240,2,,,,,
2013/04/30,11,446,2,,,,,
2013/04/30,12,462,5,,,,,
2013/04/30,13,478,6,,,,,
2013/04/30,14,468,5,,,,,
2013/04/30,15,446,6,,,,,
2013/04/30,16,428,5,,,,,
2013/04/30,17,482,5,,,,,
2013/04/30,18,470,6,,,,,
2013/04/30,19,520,5,,,,,
2013/04/30,20,534,5,,,,,
2013/04/30,21,362,5,,,,,
2013/04/30,22,124,5,,,,,
2013/04/30,23,34,5,,,,,
2013/04/30,24,28,5,,,,,
2013/05/01,01,32,5,,,,,
2013/05/01,02,30,5,,,,,
2013/05/01,03,28,5,,,,,
2013/05/01,04,32,5,,,,,
2013/05/01,05,32,3,,,,,
2013/05/01,06,30,5,,,,,
2013/05/01,07,28,3,,,,,
2013/05/01,08,32,5,,,,,
2013/05/01,09,52,5,,,,,
2013/05/01,10,250,5,,,,,
2013/05/01,11,422,5,,,,,
2013/05/01,12,440,6,,,,,
2013/05/01,13,436,6,,,,,
2013/05/01,14,432,6,,,,,
2013/05/01,15,422,6,,,,,
2013/05/01,16,424,6,,,,,
2013/05/01,17,432,5,,,,,
2013/05/01,18,448,6,,,,,
2013/05/01,19,452,5,,,,,
2013/05/01,20,500,5,,,,,
2013/05/01,21,292,5,,,,,
2013/05/01,22,126,5,,,,,
2013/05/01,23,34,3,,,,,
2013/05/01,24,34,5,,,,,
2013/05/02,01,30,3,,,,,
2013/05/02,02,34,5,,,,,
2013/05/02,03,30,5,,,,,
2013/05/02,04,34,5,,,,,
2013/05/02,05,32,3,,,,,
2013/05/02,06,30,5,,,,,
2013/05/02,07,30,5,,,,,
2013/05/02,08,34,3,,,,,
2013/05/02,09,58,5,,,,,
2013/05/02,10,238,5,,,,,
2013/05/02,11,472,5,,,,,
2013/05/02,12,448,6,,,,,
2013/05/02,13,442,6,,,,,
2013/05/02,14,450,6,,,,,
2013/05/02,15,466,6,,,,,
2013/05/02,16,488,6,,,,,
2013/05/02,17,492,5,,,,,
2013/05/02,18,494,6,,,,,
2013/05/02,19,458,6,,,,,
2013/05/02,20,514,5,,,,,
2013/05/02,21,268,5,,,,,
2013/05/02,22,138,5,,,,,
2013/05/02,23,32,5,,,,,
2013/05/02,24,28,3,,,,,
2013/05/03,01,30,5,,,,,
2013/05/03,02,28,5,,,,,
2013/05/03,03,30,5,,,,,
2013/05/03,04,32,5,,,,,
2013/05/03,05,28,5,,,,,
2013/05/03,06,30,5,,,,,
2013/05/03,07,32,5,,,,,
2013/05/03,08,28,3,,,,,
2013/05/03,09,52,5,,,,,
2013/05/03,10,302,5,,,,,
2013/05/03,11,430,6,,,,,
2013/05/03,12,478,6,,,,,
2013/05/03,13,464,6,,,,,
2013/05/03,14,452,6,,,,,
2013/05/03,15,454,6,,,,,
2013/05/03,16,456,6,,,,,
2013/05/03,17,476,6,,,,,
2013/05/03,18,422,6,,,,,
2013/05/03,19,488,6,,,,,
2013/05/03,20,518,5,,,,,
2013/05/03,21,374,5,,,,,
2013/05/03,22,68,5,,,,,
2013/05/03,23,32,3,,,,,
2013/05/03,24,32,5,,,,,
2013/05/04,01,32,5,,,,,
2013/05/04,02,32,5,,,,,
2013/05/04,03,30,3,,,,,
2013/05/04,04,30,5,,,,,
2013/05/04,05,32,3,,,,,
2013/05/04,06,30,5,,,,,
2013/05/04,07,28,3,,,,,
2013/05/04,08,32,5,,,,,
2013/05/04,09,42,5,,,,,
2013/05/04,10,220,6,,,,,
2013/05/04,11,416,6,,,,,
2013/05/04,12,424,6,,,,,
2013/05/04,13,482,6,,,,,
2013/05/04,14,464,6,,,,,
2013/05/04,15,498,6,,,,,
2013/05/04,16,490,6,,,,,
2013/05/04,17,426,8,,,,,
2013/05/04,18,454,12,,,,,
2013/05/04,19,466,12,,,,,
2013/05/04,20,532,12,,,,,
2013/05/04,21,254,11,,,,,
2013/05/04,22,50,6,,,,,
2013/05/04,23,30,3,,,,,
2013/05/04,24,34,5,,,,,
2013/05/05,01,32,3,,,,,
2013/05/05,02,34,5,,,,,
2013/05/05,03,28,5,,,,,
2013/05/05,04,30,3,,,,,
2013/05/05,05,30,5,,,,,
2013/05/05,06,34,5,,,,,
2013/05/05,07,30,5,,,,,
2013/05/05,08,32,3,,,,,
2013/05/05,09,100,5,,,,,
2013/05/05,10,292,5,,,,,
2013/05/05,11,494,8,,,,,
2013/05/05,12,476,6,,,,,
2013/05/05,13,480,6,,,,,
2013/05/05,14,480,12,,,,,
2013/05/05,15,436,12,,,,,
2013/05/05,16,488,12,,,,,
2013/05/05,17,460,12,,,,,
2013/05/05,18,464,12,,,,,
2013/05/05,19,450,11,,,,,
2013/05/05,20,452,5,,,,,
2013/05/05,21,370,5,,,,,
2013/05/05,22,122,5,,,,,
2013/05/05,23,34,5,,,,,
2013/05/05,24,28,5,,,,,
2013/05/06,01,30,3,,,,,
2013/05/06,02,32,5,,,,,
2013/05/06,03,28,5,,,,,
2013/05/06,04,30,3,,,,,
2013/05/06,05,32,5,,,,,
2013/05/06,06,32,5,,,,,
2013/05/06,07,32,5,,,,,
2013/05/06,08,32,5,,,,,
2013/05/06,09,58,5,,,,,
2013/05/06,10,246,5,,,,,
2013/05/06,11,466,6,,,,,
2013/05/06,12,498,12,,,,,
2013/05/06,13,476,21,,,,,
2013/05/06,14,464,27,,,,,
2013/05/06,15,454,33,,,,,
2013/05/06,16,534,36,,,,,
2013/05/06,17,476,33,,,,,
2013/05/06,18,450,32,,,,,
2013/05/06,19,532,29,,,,,
2013/05/06,20,560,32,,,,,
2013/05/06,21,362,30,,,,,
2013/05/06,22,282,30,,,,,
2013/05/06,23,184,12,,,,,
2013/05/06,24,64,9,,,,,
2013/05/07,01,32,5,,,,,
2013/05/07,02,32,5,,,,,
2013/05/07,03,34,5,,,,,
2013/05/07,04,30,5,,,,,
2013/05/07,05,30,5,,,,,
2013/05/07,06,30,5,,,,,
2013/05/07,07,32,5,,,,,
2013/05/07,08,34,5,,,,,
2013/05/07,09,80,5,,,,,
2013/05/07,10,300,5,,,,,
2013/05/07,11,432,6,,,,,
2013/05/07,12,410,6,,,,,
2013/05/07,13,450,6,,,,,
2013/05/07,14,438,6,,,,,
2013/05/07,15,494,6,,,,,
2013/05/07,16,418,6,,,,,
2013/05/07,17,494,6,,,,,
2013/05/07,18,482,6,,,,,
2013/05/07,19,462,5,,,,,
2013/05/07,20,488,5,,,,,
2013/05/07,21,296,5,,,,,
2013/05/07,22,108,5,,,,,
2013/05/07,23,46,5,,,,,
2013/05/07,24,28,5,,,,,
2013/05/08,01,32,5,,,,,
2013/05/08,02,30,5,,,,,
2013/05/08,03,28,5,,,,,
2013/05/08,04,30,5,,,,,
2013/05/08,05,28,5,,,,,
2013/05/08,06,32,5,,,,,
2013/05/08,07,30,5,,,,,
2013/05/08,08,30,5,,,,,
2013/05/08,09,68,5,,,,,
2013/05/08,10,320,6,,,,,
2013/05/08,11,462,6,,,,,
2013/05/08,12,444,6,,,,,
2013/05/08,13,502,6,,,,,
2013/05/08,14,426,6,,,,,
2013/05/08,15,472,6,,,,,
2013/05/08,16,464,6,,,,,
2013/05/08,17,498,6,,,,,
2013/05/08,18,470,5,,,,,
2013/05/08,19,500,5,,,,,
2013/05/08,20,504,5,,,,,
2013/05/08,21,230,5,,,,,
2013/05/08,22,160,6,,,,,
2013/05/08,23,114,8,,,,,
2013/05/08,24,28,5,,,,,
2013/05/09,01,28,5,,,,,
2013/05/09,02,32,5,,,,,
2013/05/09,03,30,5,,,,,
2013/05/09,04,30,5,,,,,
2013/05/09,05,30,5,,,,,
2013/05/09,06,34,5,,,,,
2013/05/09,07,30,5,,,,,
2013/05/09,08,30,5,,,,,
2013/05/09,09,40,5,,,,,
2013/05/09,10,176,5,,,,,
2013/05/09,11,478,6,,,,,
2013/05/09,12,468,6,,,,,
2013/05/09,13,476,6,,,,,
2013/05/09,14,442,6,,,,,
2013/05/09,15,426,6,,,,,
2013/05/09,16,482,6,,,,,
2013/05/09,17,488,5,,,,,
2013/05/09,18,428,6,,,,,
2013/05/09,19,496,5,,,,,
2013/05/09,20,486,5,,,,,
2013/05/09,21,312,5,,,,,
2013/05/09,22,126,5,,,,,
2013/05/09,23,30,5,,,,,
2013/05/09,24,30,5,,,,,
2013/05/10,01,32,5,,,,,
2013/05/10,02,32,5,,,,,
2013/05/10,03,28,5,,,,,
2013/05/10,04,28,5,,,,,
2013/05/10,05,28,5,,,,,
2013/05/10,06,32,5,,,,,
2013/05/10,07,28,5,,,,,
2013/05/10,08,30,5,,,,,
2013/05/10,09,54,5,,,,,
2013/05/10,10,190,5,,,,,
2013/05/10,11,428,6,,,,,
2013/05/10,12,428,6,,,,,
2013/05/10,13,420,6,,,,,
2013/05/10,14,532,42,,,,,
2013/05/10,15,526,41,,,,,
2013/05/10,16,504,39,,,,,
2013/05/10,17,480,39,,,,,
2013/05/10,18,496,39,,,,,
2013/05/10,19,556,36,,,,,
2013/05/10,20,544,38,,,,,
2013/05/10,21,258,17,,,,,
2013/05/10,22,114,3,,,,,
2013/05/10,23,32,3,,,,,
2013/05/10,24,30,5,,,,,
2013/05/11,01,28,3,,,,,
2013/05/11,02,32,3,,,,,
2013/05/11,03,28,5,,,,,
2013/05/11,04,28,3,,,,,
2013/05/11,05,32,5,,,,,
2013/05/11,06,32,5,,,,,
2013/05/11,07,28,5,,,,,
2013/05/11,08,28,3,,,,,
2013/05/11,09,52,5,,,,,
2013/05/11,10,160,5,,,,,
2013/05/11,11,458,11,,,,,
2013/05/11,12,484,23,,,,,
2013/05/11,13,534,32,,,,,
2013/05/11,14,534,39,,,,,
2013/05/11,15,552,42,,,,,
2013/05/11,16,602,63,,,,,
2013/05/11,17,522,48,,,,,
2013/05/11,18,538,35,,,,,
2013/05/11,19,592,35,,,,,
2013/05/11,20,530,35,,,,,
2013/05/11,21,246,20,,,,,
2013/05/11,22,58,5,,,,,
2013/05/11,23,30,5,,,,,
2013/05/11,24,30,3,,,,,
2013/05/12,01,32,5,,,,,
2013/05/12,02,32,3,,,,,
2013/05/12,03,28,3,,,,,
2013/05/12,04,30,5,,,,,
2013/05/12,05,32,5,,,,,
2013/05/12,06,32,3,,,,,
2013/05/12,07,28,5,,,,,
2013/05/12,08,28,5,,,,,
2013/05/12,09,64,3,,,,,
2013/05/12,10,260,5,,,,,
2013/05/12,11,480,6,,,,,
2013/05/12,12,430,6,,,,,
2013/05/12,13,450,6,,,,,
2013/05/12,14,456,6,,,,,
2013/05/12,15,462,17,,,,,
2013/05/12,16,516,56,,,,,
2013/05/12,17,546,47,,,,,
2013/05/12,18,532,41,,,,,
2013/05/12,19,542,38,,,,,
2013/05/12,20,516,35,,,,,
2013/05/12,21,396,18,,,,,
2013/05/12,22,194,3,,,,,
2013/05/12,23,48,5,,,,,
2013/05/12,24,32,3,,,,,
2013/05/13,01,28,5,,,,,
2013/05/13,02,32,5,,,,,
2013/05/13,03,28,5,,,,,
2013/05/13,04,28,3,,,,,
2013/05/13,05,30,3,,,,,
2013/05/13,06,28,5,,,,,
2013/05/13,07,30,5,,,,,
2013/05/13,08,30,5,,,,,
2013/05/13,09,86,5,,,,,
2013/05/13,10,340,5,,,,,
2013/05/13,11,450,5,,,,,
2013/05/13,12,454,5,,,,,
2013/05/13,13,484,6,,,,,
2013/05/13,14,478,39,,,,,
2013/05/13,15,492,45,,,,,
2013/05/13,16,488,39,,,,,
2013/05/13,17,482,44,,,,,
2013/05/13,18,508,41,,,,,
2013/05/13,19,532,38,,,,,
2013/05/13,20,552,38,,,,,
2013/05/13,21,262,27,,,,,
2013/05/13,22,86,3,,,,,
2013/05/13,23,36,5,,,,,
2013/05/13,24,32,3,,,,,
2013/05/14,01,32,5,,,,,
2013/05/14,02,30,5,,,,,
2013/05/14,03,30,3,,,,,
2013/05/14,04,30,5,,,,,
2013/05/14,05,30,5,,,,,
2013/05/14,06,34,5,,,,,
2013/05/14,07,30,3,,,,,
2013/05/14,08,34,5,,,,,
2013/05/14,09,56,5,,,,,
2013/05/14,10,210,5,,,,,
2013/05/14,11,424,11,,,,,
2013/05/14,12,458,41,,,,,
2013/05/14,13,476,50,,,,,
2013/05/14,14,490,47,,,,,
2013/05/14,15,470,47,,,,,
2013/05/14,16,544,45,,,,,
2013/05/14,17,562,48,,,,,
2013/05/14,18,472,42,,,,,
2013/05/14,19,548,42,,,,,
2013/05/14,20,508,38,,,,,
2013/05/14,21,504,39,,,,,
2013/05/14,22,334,38,,,,,
2013/05/14,23,322,41,,,,,
2013/05/14,24,300,36,,,,,
2013/05/15,01,120,29,,,,,
2013/05/15,02,40,12,,,,,
2013/05/15,03,40,12,,,,,
2013/05/15,04,44,12,,,,,
2013/05/15,05,38,11,,,,,
2013/05/15,06,42,11,,,,,
2013/05/15,07,36,11,,,,,
2013/05/15,08,38,11,,,,,
2013/05/15,09,80,12,,,,,
2013/05/15,10,362,23,,,,,
2013/05/15,11,530,38,,,,,
2013/05/15,12,532,45,,,,,
2013/05/15,13,524,42,,,,,
2013/05/15,14,500,47,,,,,
2013/05/15,15,490,47,,,,,
2013/05/15,16,500,45,,,,,
2013/05/15,17,526,42,,,,,
2013/05/15,18,480,41,,,,,
2013/05/15,19,530,42,,,,,
2013/05/15,20,526,45,,,,,
2013/05/15,21,260,14,,,,,
2013/05/15,22,136,5,,,,,
2013/05/15,23,52,3,,,,,
2013/05/15,24,30,5,,,,,
2013/05/16,01,32,3,,,,,
2013/05/16,02,30,5,,,,,
2013/05/16,03,28,3,,,,,
2013/05/16,04,32,5,,,,,
2013/05/16,05,28,3,,,,,
2013/05/16,06,28,5,,,,,
2013/05/16,07,32,3,,,,,
2013/05/16,08,32,5,,,,,
2013/05/16,09,34,3,,,,,
2013/05/16,10,292,5,,,,,
2013/05/16,11,408,6,,,,,
2013/05/16,12,504,12,,,,,
2013/05/16,13,476,14,,,,,
2013/05/16,14,490,11,,,,,
2013/05/16,15,454,11,,,,,
2013/05/16,16,444,11,,,,,
2013/05/16,17,438,11,,,,,
2013/05/16,18,496,11,,,,,
2013/05/16,19,448,11,,,,,
2013/05/16,20,524,11,,,,,
2013/05/16,21,186,8,,,,,
2013/05/16,22,38,5,,,,,
2013/05/16,23,30,3,,,,,
2013/05/16,24,28,5,,,,,
2013/05/17,01,28,3,,,,,
2013/05/17,02,30,3,,,,,
2013/05/17,03,30,5,,,,,
2013/05/17,04,32,5,,,,,
2013/05/17,05,28,5,,,,,
2013/05/17,06,28,3,,,,,
2013/05/17,07,30,5,,,,,
2013/05/17,08,28,5,,,,,
2013/05/17,09,36,3,,,,,
2013/05/17,10,220,5,,,,,
2013/05/17,11,482,35,,,,,
2013/05/17,12,530,47,,,,,
2013/05/17,13,508,53,,,,,
2013/05/17,14,510,56,,,,,
2013/05/17,15,506,53,,,,,
2013/05/17,16,540,56,,,,,
2013/05/17,17,484,54,,,,,
2013/05/17,18,522,51,,,,,
2013/05/17,19,534,45,,,,,
2013/05/17,20,584,41,,,,,
2013/05/17,21,304,35,,,,,
2013/05/17,22,168,24,,,,,
2013/05/17,23,30,3,,,,,
2013/05/17,24,28,5,,,,,
2013/05/18,01,30,5,,,,,
2013/05/18,02,30,5,,,,,
2013/05/18,03,30,5,,,,,
2013/05/18,04,32,5,,,,,
2013/05/18,05,30,3,,,,,
2013/05/18,06,28,5,,,,,
2013/05/18,07,30,5,,,,,
2013/05/18,08,30,3,,,,,
2013/05/18,09,48,3,,,,,
2013/05/18,10,174,5,,,,,
2013/05/18,11,466,32,,,,,
2013/05/18,12,560,53,,,,,
2013/05/18,13,500,62,,,,,
2013/05/18,14,582,57,,,,,
2013/05/18,15,532,56,,,,,
2013/05/18,16,546,57,,,,,
2013/05/18,17,544,57,,,,,
2013/05/18,18,512,56,,,,,
2013/05/18,19,570,59,,,,,
2013/05/18,20,560,56,,,,,
2013/05/18,21,294,33,,,,,
2013/05/18,22,114,5,,,,,
2013/05/18,23,30,3,,,,,
2013/05/18,24,28,5,,,,,
2013/05/19,01,30,3,,,,,
2013/05/19,02,30,5,,,,,
2013/05/19,03,30,5,,,,,
2013/05/19,04,28,5,,,,,
2013/05/19,05,30,5,,,,,
2013/05/19,06,32,5,,,,,
2013/05/19,07,28,3,,,,,
2013/05/19,08,30,5,,,,,
2013/05/19,09,72,5,,,,,
2013/05/19,10,316,5,,,,,
2013/05/19,11,476,21,,,,,
2013/05/19,12,532,51,,,,,
2013/05/19,13,570,51,,,,,
2013/05/19,14,524,51,,,,,
2013/05/19,15,514,53,,,,,
2013/05/19,16,512,48,,,,,
2013/05/19,17,492,50,,,,,
2013/05/19,18,548,47,,,,,
2013/05/19,19,588,47,,,,,
2013/05/19,20,578,45,,,,,
2013/05/19,21,376,32,,,,,
2013/05/19,22,134,3,,,,,
2013/05/19,23,46,5,,,,,
2013/05/19,24,28,5,,,,,
2013/05/20,01,32,5,,,,,
2013/05/20,02,30,3,,,,,
2013/05/20,03,32,5,,,,,
2013/05/20,04,30,3,,,,,
2013/05/20,05,28,3,,,,,
2013/05/20,06,32,5,,,,,
2013/05/20,07,32,3,,,,,
2013/05/20,08,32,5,,,,,
2013/05/20,09,74,5,,,,,
2013/05/20,10,320,5,,,,,
2013/05/20,11,484,32,,,,,
2013/05/20,12,530,41,,,,,
2013/05/20,13,532,44,,,,,
2013/05/20,14,520,44,,,,,
2013/05/20,15,480,45,,,,,
2013/05/20,16,498,53,,,,,
2013/05/20,17,534,51,,,,,
2013/05/20,18,492,48,,,,,
2013/05/20,19,538,57,,,,,
2013/05/20,20,556,54,,,,,
2013/05/20,21,302,36,,,,,
2013/05/20,22,138,3,,,,,
2013/05/20,23,72,3,,,,,
2013/05/20,24,44,3,,,,,
2013/05/21,01,30,3,,,,,
2013/05/21,02,34,3,,,,,
2013/05/21,03,34,5,,,,,
2013/05/21,04,32,3,,,,,
2013/05/21,05,30,5,,,,,
2013/05/21,06,32,3,,,,,
2013/05/21,07,30,3,,,,,
2013/05/21,08,28,3,,,,,
2013/05/21,09,56,5,,,,,
2013/05/21,10,252,5,,,,,
2013/05/21,11,520,27,,,,,
2013/05/21,12,496,60,,,,,
2013/05/21,13,538,71,,,,,
2013/05/21,14,580,71,,,,,
2013/05/21,15,654,150,,,,,
2013/05/21,16,532,68,,,,,
2013/05/21,17,592,77,,,,,
2013/05/21,18,552,71,,,,,
2013/05/21,19,568,69,,,,,
2013/05/21,20,584,69,,,,,
2013/05/21,21,318,53,,,,,
2013/05/21,22,34,5,,,,,
2013/05/21,23,34,3,,,,,
2013/05/21,24,32,3,,,,,
2013/05/22,01,30,3,,,,,
2013/05/22,02,34,3,,,,,
2013/05/22,03,34,3,,,,,
2013/05/22,04,34,3,,,,,
2013/05/22,05,34,5,,,,,
2013/05/22,06,32,5,,,,,
2013/05/22,07,32,3,,,,,
2013/05/22,08,28,3,,,,,
2013/05/22,09,40,5,,,,,
2013/05/22,10,240,9,,,,,
2013/05/22,11,506,54,,,,,
2013/05/22,12,570,59,,,,,
2013/05/22,13,520,63,,,,,
2013/05/22,14,588,71,,,,,
2013/05/22,15,580,68,,,,,
2013/05/22,16,514,68,,,,,
2013/05/22,17,522,63,,,,,
2013/05/22,18,576,62,,,,,
2013/05/22,19,554,57,,,,,
2013/05/22,20,548,54,,,,,
2013/05/22,21,452,36,,,,,
2013/05/22,22,144,3,,,,,
2013/05/22,23,46,3,,,,,
2013/05/22,24,30,5,,,,,
2013/05/23,01,32,3,,,,,
2013/05/23,02,28,3,,,,,
2013/05/23,03,28,5,,,,,
2013/05/23,04,30,5,,,,,
2013/05/23,05,28,5,,,,,
2013/05/23,06,30,3,,,,,
2013/05/23,07,28,3,,,,,
2013/05/23,08,30,3,,,,,
2013/05/23,09,40,3,,,,,
2013/05/23,10,180,14,,,,,
2013/05/23,11,546,72,,,,,
2013/05/23,12,650,159,,,,,
2013/05/23,13,504,68,,,,,
2013/05/23,14,532,71,,,,,
2013/05/23,15,538,77,,,,,
2013/05/23,16,680,173,,,,,
2013/05/23,17,614,134,,,,,
2013/05/23,18,506,65,,,,,
2013/05/23,19,534,63,,,,,
2013/05/23,20,610,63,,,,,
2013/05/23,21,238,47,,,,,
2013/05/23,22,44,14,,,,,
2013/05/23,23,30,3,,,,,
2013/05/23,24,32,3,,,,,
2013/05/24,01,28,3,,,,,
2013/05/24,02,32,3,,,,,
2013/05/24,03,30,5,,,,,
2013/05/24,04,28,5,,,,,
2013/05/24,05,30,3,,,,,
2013/05/24,06,28,5,,,,,
2013/05/24,07,32,3,,,,,
2013/05/24,08,28,5,,,,,
2013/05/24,09,52,3,,,,,
2013/05/24,10,242,5,,,,,
2013/05/24,11,414,5,,,,,
2013/05/24,12,432,6,,,,,
2013/05/24,13,452,14,,,,,
2013/05/24,14,540,77,,,,,
2013/05/24,15,518,71,,,,,
2013/05/24,16,552,66,,,,,
2013/05/24,17,590,63,,,,,
2013/05/24,18,582,62,,,,,
2013/05/24,19,592,57,,,,,
2013/05/24,20,608,56,,,,,
2013/05/24,21,274,39,,,,,
2013/05/24,22,154,3,,,,,
2013/05/24,23,154,3,,,,,
2013/05/24,24,160,3,,,,,
2013/05/25,01,72,5,,,,,
2013/05/25,02,28,5,,,,,
2013/05/25,03,28,3,,,,,
2013/05/25,04,28,5,,,,,
2013/05/25,05,28,3,,,,,
2013/05/25,06,28,3,,,,,
2013/05/25,07,30,5,,,,,
2013/05/25,08,30,5,,,,,
2013/05/25,09,66,5,,,,,
2013/05/25,10,278,12,,,,,
2013/05/25,11,484,48,,,,,
2013/05/25,12,508,53,,,,,
2013/05/25,13,552,54,,,,,
2013/05/25,14,574,59,,,,,
2013/05/25,15,498,54,,,,,
2013/05/25,16,572,60,,,,,
2013/05/25,17,546,53,,,,,
2013/05/25,18,562,59,,,,,
2013/05/25,19,602,51,,,,,
2013/05/25,20,548,53,,,,,
2013/05/25,21,344,48,,,,,
2013/05/25,22,88,29,,,,,
2013/05/25,23,34,5,,,,,
2013/05/25,24,30,3,,,,,
2013/05/26,01,28,3,,,,,
2013/05/26,02,32,5,,,,,
2013/05/26,03,28,3,,,,,
2013/05/26,04,32,3,,,,,
2013/05/26,05,32,5,,,,,
2013/05/26,06,28,3,,,,,
2013/05/26,07,30,5,,,,,
2013/05/26,08,30,3,,,,,
2013/05/26,09,38,3,,,,,
2013/05/26,10,256,5,,,,,
2013/05/26,11,460,8,,,,,
2013/05/26,12,516,68,,,,,
2013/05/26,13,640,101,,,,,
2013/05/26,14,644,104,,,,,
2013/05/26,15,660,105,,,,,
2013/05/26,16,706,137,,,,,
2013/05/26,17,674,117,,,,,
2013/05/26,18,632,105,,,,,
2013/05/26,19,670,101,,,,,
2013/05/26,20,684,96,,,,,
2013/05/26,21,270,41,,,,,
2013/05/26,22,136,5,,,,,
2013/05/26,23,110,5,,,,,
2013/05/26,24,40,3,,,,,
2013/05/27,01,30,3,,,,,
2013/05/27,02,30,5,,,,,
2013/05/27,03,28,3,,,,,
2013/05/27,04,28,5,,,,,
2013/05/27,05,32,5,,,,,
2013/05/27,06,30,3,,,,,
2013/05/27,07,30,3,,,,,
2013/05/27,08,28,3,,,,,
2013/05/27,09,70,3,,,,,
2013/05/27,10,248,6,,,,,
2013/05/27,11,550,71,,,,,
2013/05/27,12,542,75,,,,,
2013/05/27,13,560,80,,,,,
2013/05/27,14,550,78,,,,,
2013/05/27,15,624,77,,,,,
2013/05/27,16,564,74,,,,,
2013/05/27,17,560,69,,,,,
2013/05/27,18,510,66,,,,,
2013/05/27,19,584,65,,,,,
2013/05/27,20,570,65,,,,,
2013/05/27,21,256,36,,,,,
2013/05/27,22,138,3,,,,,
2013/05/27,23,148,3,,,,,
2013/05/27,24,132,3,,,,,
2013/05/28,01,32,3,,,,,
2013/05/28,02,32,3,,,,,
2013/05/28,03,32,3,,,,,
2013/05/28,04,28,5,,,,,
2013/05/28,05,30,3,,,,,
2013/05/28,06,28,3,,,,,
2013/05/28,07,28,5,,,,,
2013/05/28,08,30,3,,,,,
2013/05/28,09,60,3,,,,,
2013/05/28,10,278,17,,,,,
2013/05/28,11,534,65,,,,,
2013/05/28,12,562,66,,,,,
2013/05/28,13,572,72,,,,,
2013/05/28,14,580,75,,,,,
2013/05/28,15,586,71,,,,,
2013/05/28,16,592,69,,,,,
2013/05/28,17,556,68,,,,,
2013/05/28,18,592,63,,,,,
2013/05/28,19,602,65,,,,,
2013/05/28,20,640,63,,,,,
2013/05/28,21,308,57,,,,,
2013/05/28,22,94,41,,,,,
2013/05/28,23,66,33,,,,,
2013/05/28,24,68,30,,,,,
2013/05/29,01,60,29,,,,,
2013/05/29,02,58,27,,,,,
2013/05/29,03,60,29,,,,,
2013/05/29,04,68,29,,,,,
2013/05/29,05,58,26,,,,,
2013/05/29,06,54,24,,,,,
2013/05/29,07,64,24,,,,,
2013/05/29,08,60,26,,,,,
2013/05/29,09,64,24,,,,,
2013/05/29,10,294,38,,,,,
2013/05/29,11,564,69,,,,,
2013/05/29,12,608,78,,,,,
2013/05/29,13,596,89,,,,,
2013/05/29,14,624,89,,,,,
2013/05/29,15,546,87,,,,,
2013/05/29,16,650,108,,,,,
2013/05/29,17,742,164,,,,,
2013/05/29,18,624,149,,,,,
2013/05/29,19,602,110,,,,,
2013/05/29,20,580,83,,,,,
2013/05/29,21,252,48,,,,,
2013/05/29,22,96,8,,,,,
2013/05/29,23,110,20,,,,,
2013/05/29,24,116,24,,,,,
2013/05/30,01,42,3,,,,,
2013/05/30,02,30,3,,,,,
2013/05/30,03,30,3,,,,,
2013/05/30,04,30,5,,,,,
2013/05/30,05,28,5,,,,,
2013/05/30,06,32,3,,,,,
2013/05/30,07,28,3,,,,,
2013/05/30,08,28,3,,,,,
2013/05/30,09,56,5,,,,,
2013/05/30,10,276,30,,,,,
2013/05/30,11,526,87,,,,,
2013/05/30,12,544,96,,,,,
2013/05/30,13,546,93,,,,,
2013/05/30,14,568,101,,,,,
2013/05/30,15,584,102,,,,,
2013/05/30,16,620,99,,,,,
2013/05/30,17,640,104,,,,,
2013/05/30,18,634,96,,,,,
2013/05/30,19,588,104,,,,,
2013/05/30,20,654,98,,,,,
2013/05/30,21,316,72,,,,,
2013/05/30,22,134,33,,,,,
2013/05/30,23,30,3,,,,,
2013/05/30,24,32,3,,,,,
2013/05/31,01,26,3,,,,,
2013/05/31,02,30,3,,,,,
2013/05/31,03,28,3,,,,,
2013/05/31,04,26,3,,,,,
2013/05/31,05,26,3,,,,,
2013/05/31,06,28,5,,,,,
2013/05/31,07,28,3,,,,,
2013/05/31,08,30,5,,,,,
2013/05/31,09,40,3,,,,,
2013/05/31,10,204,5,,,,,
2013/05/31,11,508,42,,,,,
2013/05/31,12,556,75,,,,,
2013/05/31,13,512,78,,,,,
2013/05/31,14,540,84,,,,,
2013/05/31,15,538,84,,,,,
2013/05/31,16,530,84,,,,,
2013/05/31,17,588,84,,,,,
2013/05/31,18,604,78,,,,,
2013/05/31,19,594,74,,,,,
2013/05/31,20,640,71,,,,,
2013/05/31,21,330,56,,,,,
2013/05/31,22,116,11,,,,,
2013/05/31,23,100,3,,,,,
2013/05/31,24,32,3,,,,,
2013/06/01,01,30,5,,,,,
2013/06/01,02,32,3,,,,,
2013/06/01,03,28,5,,,,,
2013/06/01,04,32,5,,,,,
2013/06/01,05,32,3,,,,,
2013/06/01,06,30,5,,,,,
2013/06/01,07,32,3,,,,,
2013/06/01,08,32,5,,,,,
2013/06/01,09,38,3,,,,,
2013/06/01,10,236,5,,,,,
2013/06/01,11,514,51,,,,,
2013/06/01,12,586,83,,,,,
2013/06/01,13,550,84,,,,,
2013/06/01,14,534,83,,,,,
2013/06/01,15,584,80,,,,,
2013/06/01,16,552,80,,,,,
2013/06/01,17,588,78,,,,,
2013/06/01,18,556,78,,,,,
2013/06/01,19,592,75,,,,,
2013/06/01,20,602,65,,,,,
2013/06/01,21,300,48,,,,,
2013/06/01,22,138,26,,,,,
2013/06/01,23,28,5,,,,,
2013/06/01,24,30,5,,,,,
2013/06/02,01,26,3,,,,,
2013/06/02,02,30,5,,,,,
2013/06/02,03,30,3,,,,,
2013/06/02,04,32,3,,,,,
2013/06/02,05,28,5,,,,,
2013/06/02,06,30,5,,,,,
2013/06/02,07,32,3,,,,,
2013/06/02,08,30,5,,,,,
2013/06/02,09,64,5,,,,,
2013/06/02,10,226,5,,,,,
2013/06/02,11,472,6,,,,,
2013/06/02,12,510,48,,,,,
2013/06/02,13,528,83,,,,,
2013/06/02,14,552,92,,,,,
2013/06/02,15,620,99,,,,,
2013/06/02,16,564,101,,,,,
2013/06/02,17,632,98,,,,,
2013/06/02,18,568,87,,,,,
2013/06/02,19,538,65,,,,,
2013/06/02,20,586,63,,,,,
2013/06/02,21,446,62,,,,,
2013/06/02,22,250,51,,,,,
2013/06/02,23,118,9,,,,,
2013/06/02,24,34,3,,,,,
2013/06/03,01,36,5,,,,,
2013/06/03,02,34,5,,,,,
2013/06/03,03,32,3,,,,,
2013/06/03,04,34,5,,,,,
2013/06/03,05,32,5,,,,,
2013/06/03,06,36,5,,,,,
2013/06/03,07,36,3,,,,,
2013/06/03,08,40,5,,,,,
2013/06/03,09,80,5,,,,,
2013/06/03,10,300,5,,,,,
2013/06/03,11,528,60,,,,,
2013/06/03,12,508,63,,,,,
2013/06/03,13,492,68,,,,,
2013/06/03,14,546,74,,,,,
2013/06/03,15,560,78,,,,,
2013/06/03,16,552,77,,,,,
2013/06/03,17,508,72,,,,,
2013/06/03,18,540,65,,,,,
2013/06/03,19,510,60,,,,,
2013/06/03,20,534,63,,,,,
2013/06/03,21,366,54,,,,,
2013/06/03,22,168,42,,,,,
2013/06/03,23,88,18,,,,,
2013/06/03,24,30,3,,,,,
2013/06/04,01,26,5,,,,,
2013/06/04,02,28,5,,,,,
2013/06/04,03,28,3,,,,,
2013/06/04,04,30,5,,,,,
2013/06/04,05,30,3,,,,,
2013/06/04,06,28,3,,,,,
2013/06/04,07,28,5,,,,,
2013/06/04,08,28,5,,,,,
2013/06/04,09,34,3,,,,,
2013/06/04,10,194,5,,,,,
2013/06/04,11,484,63,,,,,
2013/06/04,12,542,60,,,,,
2013/06/04,13,644,102,,,,,
2013/06/04,14,642,108,,,,,
2013/06/04,15,624,101,,,,,
2013/06/04,16,696,153,,,,,
2013/06/04,17,624,155,,,,,
2013/06/04,18,608,134,,,,,
2013/06/04,19,658,126,,,,,
2013/06/04,20,574,72,,,,,
2013/06/04,21,340,56,,,,,
2013/06/04,22,30,3,,,,,
2013/06/04,23,28,3,,,,,
2013/06/04,24,32,3,,,,,
2013/06/05,01,30,3,,,,,
2013/06/05,02,28,3,,,,,
2013/06/05,03,28,5,,,,,
2013/06/05,04,40,5,,,,,
2013/06/05,05,30,3,,,,,
2013/06/05,06,30,5,,,,,
2013/06/05,07,28,3,,,,,
2013/06/05,08,30,3,,,,,
2013/06/05,09,42,5,,,,,
2013/06/05,10,322,35,,,,,
2013/06/05,11,576,74,,,,,
2013/06/05,12,518,81,,,,,
2013/06/05,13,582,87,,,,,
2013/06/05,14,552,96,,,,,
2013/06/05,15,606,99,,,,,
2013/06/05,16,594,102,,,,,
2013/06/05,17,602,95,,,,,
2013/06/05,18,574,90,,,,,
2013/06/05,19,596,87,,,,,
2013/06/05,20,552,84,,,,,
2013/06/05,21,454,71,,,,,
2013/06/05,22,258,54,,,,,
2013/06/05,23,170,27,,,,,
2013/06/05,24,48,3,,,,,
2013/06/06,01,32,3,,,,,
2013/06/06,02,30,3,,,,,
2013/06/06,03,34,5,,,,,
2013/06/06,04,30,3,,,,,
2013/06/06,05,32,5,,,,,
2013/06/06,06,34,5,,,,,
2013/06/06,07,28,3,,,,,
2013/06/06,08,34,3,,,,,
2013/06/06,09,54,5,,,,,
2013/06/06,10,266,18,,,,,
2013/06/06,11,624,123,,,,,
2013/06/06,12,618,132,,,,,
2013/06/06,13,632,122,,,,,
2013/06/06,14,642,123,,,,,
2013/06/06,15,602,125,,,,,
2013/06/06,16,636,99,,,,,
2013/06/06,17,514,80,,,,,
2013/06/06,18,592,80,,,,,
2013/06/06,19,572,83,,,,,
2013/06/06,20,582,71,,,,,
2013/06/06,21,230,8,,,,,
2013/06/06,22,34,3,,,,,
2013/06/06,23,32,3,,,,,
2013/06/06,24,28,3,,,,,
2013/06/07,01,28,3,,,,,
2013/06/07,02,28,3,,,,,
2013/06/07,03,30,5,,,,,
2013/06/07,04,28,3,,,,,
2013/06/07,05,28,3,,,,,
2013/06/07,06,28,3,,,,,
2013/06/07,07,30,3,,,,,
2013/06/07,08,28,5,,,,,
2013/06/07,09,44,5,,,,,
2013/06/07,10,270,5,,,,,
2013/06/07,11,518,69,,,,,
2013/06/07,12,506,75,,,,,
2013/06/07,13,588,81,,,,,
2013/06/07,14,564,89,,,,,
2013/06/07,15,544,96,,,,,
2013/06/07,16,568,99,,,,,
2013/06/07,17,620,95,,,,,
2013/06/07,18,616,90,,,,,
2013/06/07,19,600,84,,,,,
2013/06/07,20,618,83,,,,,
2013/06/07,21,434,68,,,,,
2013/06/07,22,162,24,,,,,
2013/06/07,23,72,3,,,,,
2013/06/07,24,30,3,,,,,
2013/06/08,01,26,3,,,,,
2013/06/08,02,30,3,,,,,
2013/06/08,03,30,3,,,,,
2013/06/08,04,28,5,,,,,
2013/06/08,05,30,5,,,,,
2013/06/08,06,28,5,,,,,
2013/06/08,07,32,3,,,,,
2013/06/08,08,32,5,,,,,
2013/06/08,09,48,5,,,,,
2013/06/08,10,228,5,,,,,
2013/06/08,11,518,68,,,,,
2013/06/08,12,550,93,,,,,
2013/06/08,13,576,107,,,,,
2013/06/08,14,664,111,,,,,
2013/06/08,15,578,114,,,,,
2013/06/08,16,652,108,,,,,
2013/06/08,17,572,111,,,,,
2013/06/08,18,646,108,,,,,
2013/06/08,19,592,105,,,,,
2013/06/08,20,586,95,,,,,
2013/06/08,21,380,66,,,,,
2013/06/08,22,82,33,,,,,
2013/06/08,23,32,3,,,,,
2013/06/08,24,30,5,,,,,
2013/06/09,01,30,3,,,,,
2013/06/09,02,30,3,,,,,
2013/06/09,03,28,5,,,,,
2013/06/09,04,32,5,,,,,
2013/06/09,05,32,5,,,,,
2013/06/09,06,28,5,,,,,
2013/06/09,07,30,5,,,,,
2013/06/09,08,30,3,,,,,
2013/06/09,09,104,3,,,,,
2013/06/09,10,294,5,,,,,
2013/06/09,11,560,98,,,,,
2013/06/09,12,638,123,,,,,
2013/06/09,13,596,132,,,,,
2013/06/09,14,710,140,,,,,
2013/06/09,15,628,159,,,,,
2013/06/09,16,710,171,,,,,
2013/06/09,17,718,152,,,,,
2013/06/09,18,704,147,,,,,
2013/06/09,19,636,131,,,,,
2013/06/09,20,582,77,,,,,
2013/06/09,21,312,29,,,,,
2013/06/09,22,58,5,,,,,
2013/06/09,23,28,3,,,,,
2013/06/09,24,30,3,,,,,
2013/06/10,01,28,3,,,,,
2013/06/10,02,28,3,,,,,
2013/06/10,03,28,3,,,,,
2013/06/10,04,28,3,,,,,
2013/06/10,05,26,3,,,,,
2013/06/10,06,28,3,,,,,
2013/06/10,07,28,3,,,,,
2013/06/10,08,32,3,,,,,
2013/06/10,09,66,3,,,,,
2013/06/10,10,348,29,,,,,
2013/06/10,11,578,86,,,,,
2013/06/10,12,570,89,,,,,
2013/06/10,13,604,90,,,,,
2013/06/10,14,546,95,,,,,
2013/06/10,15,574,96,,,,,
2013/06/10,16,594,90,,,,,
2013/06/10,17,584,95,,,,,
2013/06/10,18,602,90,,,,,
2013/06/10,19,602,87,,,,,
2013/06/10,20,570,86,,,,,
2013/06/10,21,350,36,,,,,
2013/06/10,22,150,5,,,,,
2013/06/10,23,116,3,,,,,
2013/06/10,24,148,3,,,,,
2013/06/11,01,28,5,,,,,
2013/06/11,02,28,3,,,,,
2013/06/11,03,30,3,,,,,
2013/06/11,04,28,3,,,,,
2013/06/11,05,26,5,,,,,
2013/06/11,06,26,3,,,,,
2013/06/11,07,26,3,,,,,
2013/06/11,08,28,3,,,,,
2013/06/11,09,38,3,,,,,
2013/06/11,10,200,5,,,,,
2013/06/11,11,568,68,,,,,
2013/06/11,12,530,78,,,,,
2013/06/11,13,554,87,,,,,
2013/06/11,14,664,149,,,,,
2013/06/11,15,636,129,,,,,
2013/06/11,16,702,140,,,,,
2013/06/11,17,658,140,,,,,
2013/06/11,18,600,134,,,,,
2013/06/11,19,656,129,,,,,
2013/06/11,20,666,92,,,,,
2013/06/11,21,396,66,,,,,
2013/06/11,22,302,60,,,,,
2013/06/11,23,330,63,,,,,
2013/06/11,24,344,62,,,,,
2013/06/12,01,62,17,,,,,
2013/06/12,02,28,3,,,,,
2013/06/12,03,28,3,,,,,
2013/06/12,04,30,5,,,,,
2013/06/12,05,26,3,,,,,
2013/06/12,06,28,3,,,,,
2013/06/12,07,28,5,,,,,
2013/06/12,08,26,5,,,,,
2013/06/12,09,42,5,,,,,
2013/06/12,10,352,27,,,,,
2013/06/12,11,556,63,,,,,
2013/06/12,12,530,71,,,,,
2013/06/12,13,548,96,,,,,
2013/06/12,14,566,96,,,,,
2013/06/12,15,550,69,,,,,
2013/06/12,16,510,66,,,,,
2013/06/12,17,528,72,,,,,
2013/06/12,18,578,74,,,,,
2013/06/12,19,586,72,,,,,
2013/06/12,20,542,74,,,,,
2013/06/12,21,404,66,,,,,
2013/06/12,22,100,30,,,,,
2013/06/12,23,30,3,,,,,
2013/06/12,24,28,3,,,,,
2013/06/13,01,28,3,,,,,
2013/06/13,02,30,3,,,,,
2013/06/13,03,32,3,,,,,
2013/06/13,04,28,3,,,,,
2013/06/13,05,32,3,,,,,
2013/06/13,06,28,5,,,,,
2013/06/13,07,32,3,,,,,
2013/06/13,08,30,3,,,,,
2013/06/13,09,40,3,,,,,
2013/06/13,10,208,11,,,,,
2013/06/13,11,496,66,,,,,
2013/06/13,12,528,72,,,,,
2013/06/13,13,528,75,,,,,
2013/06/13,14,604,132,,,,,
2013/06/13,15,664,119,,,,,
2013/06/13,16,598,116,,,,,
2013/06/13,17,588,113,,,,,
2013/06/13,18,554,111,,,,,
2013/06/13,19,676,104,,,,,
2013/06/13,20,614,104,,,,,
2013/06/13,21,230,18,,,,,
2013/06/13,22,28,3,,,,,
2013/06/13,23,28,3,,,,,
2013/06/13,24,32,3,,,,,
2013/06/14,01,30,3,,,,,
2013/06/14,02,30,3,,,,,
2013/06/14,03,26,3,,,,,
2013/06/14,04,28,3,,,,,
2013/06/14,05,28,3,,,,,
2013/06/14,06,30,3,,,,,
2013/06/14,07,32,3,,,,,
2013/06/14,08,28,3,,,,,
2013/06/14,09,46,5,,,,,
2013/06/14,10,326,30,,,,,
2013/06/14,11,562,78,,,,,
2013/06/14,12,626,105,,,,,
2013/06/14,13,594,110,,,,,
2013/06/14,14,694,158,,,,,
2013/06/14,15,644,168,,,,,
2013/06/14,16,758,176,,,,,
2013/06/14,17,660,171,,,,,
2013/06/14,18,642,170,,,,,
2013/06/14,19,636,162,,,,,
2013/06/14,20,664,122,,,,,
2013/06/14,21,286,54,,,,,
2013/06/14,22,140,9,,,,,
2013/06/14,23,38,9,,,,,
2013/06/14,24,36,9,,,,,
2013/06/15,01,36,9,,,,,
2013/06/15,02,40,9,,,,,
2013/06/15,03,36,9,,,,,
2013/06/15,04,34,9,,,,,
2013/06/15,05,36,9,,,,,
2013/06/15,06,36,9,,,,,
2013/06/15,07,34,9,,,,,
2013/06/15,08,34,9,,,,,
2013/06/15,09,40,6,,,,,
2013/06/15,10,178,17,,,,,
2013/06/15,11,622,120,,,,,
2013/06/15,12,634,135,,,,,
2013/06/15,13,664,138,,,,,
2013/06/15,14,730,150,,,,,
2013/06/15,15,676,152,,,,,
2013/06/15,16,742,162,,,,,
2013/06/15,17,696,161,,,,,
2013/06/15,18,670,155,,,,,
2013/06/15,19,650,143,,,,,
2013/06/15,20,732,137,,,,,
2013/06/15,21,318,68,,,,,
2013/06/15,22,34,3,,,,,
2013/06/15,23,32,3,,,,,
2013/06/15,24,30,3,,,,,
2013/06/16,01,32,3,,,,,
2013/06/16,02,34,3,,,,,
2013/06/16,03,34,3,,,,,
2013/06/16,04,32,3,,,,,
2013/06/16,05,28,3,,,,,
2013/06/16,06,30,3,,,,,
2013/06/16,07,32,3,,,,,
2013/06/16,08,32,3,,,,,
2013/06/16,09,56,3,,,,,
2013/06/16,10,284,6,,,,,
2013/06/16,11,524,60,,,,,
2013/06/16,12,602,81,,,,,
2013/06/16,13,624,102,,,,,
2013/06/16,14,644,96,,,,,
2013/06/16,15,664,114,,,,,
2013/06/16,16,584,119,,,,,
2013/06/16,17,670,120,,,,,
2013/06/16,18,654,117,,,,,
2013/06/16,19,696,105,,,,,
2013/06/16,20,626,101,,,,,
2013/06/16,21,436,75,,,,,
2013/06/16,22,216,39,,,,,
2013/06/16,23,34,5,,,,,
2013/06/16,24,32,3,,,,,
2013/06/17,01,32,3,,,,,
2013/06/17,02,32,3,,,,,
2013/06/17,03,30,3,,,,,
2013/06/17,04,34,3,,,,,
2013/06/17,05,30,3,,,,,
2013/06/17,06,34,3,,,,,
2013/06/17,07,34,3,,,,,
2013/06/17,08,30,3,,,,,
2013/06/17,09,90,3,,,,,
2013/06/17,10,280,12,,,,,
2013/06/17,11,528,60,,,,,
2013/06/17,12,582,128,,,,,
2013/06/17,13,596,129,,,,,
2013/06/17,14,664,125,,,,,
2013/06/17,15,626,135,,,,,
2013/06/17,16,608,132,,,,,
2013/06/17,17,652,125,,,,,
2013/06/17,18,638,125,,,,,
2013/06/17,19,678,116,,,,,
2013/06/17,20,594,108,,,,,
2013/06/17,21,348,72,,,,,
2013/06/17,22,202,33,,,,,
2013/06/17,23,42,5,,,,,
2013/06/17,24,30,3,,,,,
2013/06/18,01,26,3,,,,,
2013/06/18,02,28,3,,,,,
2013/06/18,03,32,3,,,,,
2013/06/18,04,32,3,,,,,
2013/06/18,05,30,3,,,,,
2013/06/18,06,26,3,,,,,
2013/06/18,07,26,5,,,,,
2013/06/18,08,32,3,,,,,
2013/06/18,09,42,3,,,,,
2013/06/18,10,286,32,,,,,
2013/06/18,11,674,161,,,,,
2013/06/18,12,738,165,,,,,
2013/06/18,13,714,168,,,,,
2013/06/18,14,704,170,,,,,
2013/06/18,15,676,170,,,,,
2013/06/18,16,738,173,,,,,
2013/06/18,17,538,90,,,,,
2013/06/18,18,700,159,,,,,
2013/06/18,19,716,162,,,,,
2013/06/18,20,658,159,,,,,
2013/06/18,21,284,69,,,,,
2013/06/18,22,96,32,,,,,
2013/06/18,23,60,26,,,,,
2013/06/18,24,46,17,,,,,
2013/06/19,01,56,21,,,,,
2013/06/19,02,52,17,,,,,
2013/06/19,03,48,17,,,,,
2013/06/19,04,40,12,,,,,
2013/06/19,05,46,15,,,,,
2013/06/19,06,46,17,,,,,
2013/06/19,07,50,17,,,,,
2013/06/19,08,54,20,,,,,
2013/06/19,09,58,15,,,,,
2013/06/19,10,304,47,,,,,
2013/06/19,11,642,111,,,,,
2013/06/19,12,598,116,,,,,
2013/06/19,13,618,111,,,,,
2013/06/19,14,660,116,,,,,
2013/06/19,15,566,119,,,,,
2013/06/19,16,658,116,,,,,
2013/06/19,17,638,114,,,,,
2013/06/19,18,668,125,,,,,
2013/06/19,19,612,120,,,,,
2013/06/19,20,670,107,,,,,
2013/06/19,21,336,62,,,,,
2013/06/19,22,208,24,,,,,
2013/06/19,23,76,3,,,,,
2013/06/19,24,30,5,,,,,
2013/06/20,01,32,3,,,,,
2013/06/20,02,32,3,,,,,
2013/06/20,03,32,3,,,,,
2013/06/20,04,28,3,,,,,
2013/06/20,05,26,3,,,,,
2013/06/20,06,32,5,,,,,
2013/06/20,07,30,3,,,,,
2013/06/20,08,28,3,,,,,
2013/06/20,09,54,5,,,,,
2013/06/20,10,400,81,,,,,
2013/06/20,11,630,93,,,,,
2013/06/20,12,566,96,,,,,
2013/06/20,13,534,98,,,,,
2013/06/20,14,750,198,,,,,
2013/06/20,15,700,197,,,,,
2013/06/20,16,742,194,,,,,
2013/06/20,17,756,177,,,,,
2013/06/20,18,764,180,,,,,
2013/06/20,19,698,174,,,,,
2013/06/20,20,608,126,,,,,
2013/06/20,21,290,21,,,,,
2013/06/20,22,64,3,,,,,
2013/06/20,23,30,3,,,,,
2013/06/20,24,30,3,,,,,
2013/06/21,01,30,3,,,,,
2013/06/21,02,30,5,,,,,
2013/06/21,03,26,3,,,,,
2013/06/21,04,28,3,,,,,
2013/06/21,05,30,5,,,,,
2013/06/21,06,30,3,,,,,
2013/06/21,07,26,3,,,,,
2013/06/21,08,30,3,,,,,
2013/06/21,09,38,5,,,,,
2013/06/21,10,190,6,,,,,
2013/06/21,11,502,12,,,,,
2013/06/21,12,470,47,,,,,
2013/06/21,13,520,41,,,,,
2013/06/21,14,566,120,,,,,
2013/06/21,15,624,107,,,,,
2013/06/21,16,594,98,,,,,
2013/06/21,17,552,93,,,,,
2013/06/21,18,618,93,,,,,
2013/06/21,19,564,92,,,,,
2013/06/21,20,590,87,,,,,
2013/06/21,21,324,80,,,,,
2013/06/21,22,92,21,,,,,
2013/06/21,23,32,3,,,,,
2013/06/21,24,32,5,,,,,
2013/06/22,01,32,3,,,,,
2013/06/22,02,32,5,,,,,
2013/06/22,03,32,5,,,,,
2013/06/22,04,32,5,,,,,
2013/06/22,05,30,5,,,,,
2013/06/22,06,28,5,,,,,
2013/06/22,07,28,5,,,,,
2013/06/22,08,30,3,,,,,
2013/06/22,09,60,5,,,,,
2013/06/22,10,274,12,,,,,
2013/06/22,11,498,50,,,,,
2013/06/22,12,596,81,,,,,
2013/06/22,13,596,84,,,,,
2013/06/22,14,526,89,,,,,
2013/06/22,15,600,99,,,,,
2013/06/22,16,614,87,,,,,
2013/06/22,17,574,89,,,,,
2013/06/22,18,604,99,,,,,
2013/06/22,19,560,84,,,,,
2013/06/22,20,572,86,,,,,
2013/06/22,21,338,54,,,,,
2013/06/22,22,74,14,,,,,
2013/06/22,23,28,3,,,,,
2013/06/22,24,28,3,,,,,
2013/06/23,01,26,3,,,,,
2013/06/23,02,28,3,,,,,
2013/06/23,03,26,5,,,,,
2013/06/23,04,28,5,,,,,
2013/06/23,05,32,3,,,,,
2013/06/23,06,28,3,,,,,
2013/06/23,07,30,5,,,,,
2013/06/23,08,32,3,,,,,
2013/06/23,09,36,5,,,,,
2013/06/23,10,294,51,,,,,
2013/06/23,11,614,101,,,,,
2013/06/23,12,660,119,,,,,
2013/06/23,13,664,126,,,,,
2013/06/23,14,692,147,,,,,
2013/06/23,15,620,143,,,,,
2013/06/23,16,716,141,,,,,
2013/06/23,17,620,123,,,,,
2013/06/23,18,574,119,,,,,
2013/06/23,19,634,114,,,,,
2013/06/23,20,686,110,,,,,
2013/06/23,21,310,42,,,,,
2013/06/23,22,98,5,,,,,
2013/06/23,23,28,3,,,,,
2013/06/23,24,32,3,,,,,
2013/06/24,01,28,3,,,,,
2013/06/24,02,28,3,,,,,
2013/06/24,03,28,3,,,,,
2013/06/24,04,30,3,,,,,
2013/06/24,05,30,3,,,,,
2013/06/24,06,26,3,,,,,
2013/06/24,07,30,3,,,,,
2013/06/24,08,32,5,,,,,
2013/06/24,09,38,5,,,,,
2013/06/24,10,194,5,,,,,
2013/06/24,11,534,71,,,,,
2013/06/24,12,576,102,,,,,
2013/06/24,13,596,111,,,,,
2013/06/24,14,672,122,,,,,
2013/06/24,15,636,129,,,,,
2013/06/24,16,666,134,,,,,
2013/06/24,17,606,126,,,,,
2013/06/24,18,578,117,,,,,
2013/06/24,19,666,110,,,,,
2013/06/24,20,654,105,,,,,
2013/06/24,21,274,17,,,,,
2013/06/24,22,98,3,,,,,
2013/06/24,23,102,5,,,,,
2013/06/24,24,52,3,,,,,
2013/06/25,01,28,3,,,,,
2013/06/25,02,32,3,,,,,
2013/06/25,03,30,3,,,,,
2013/06/25,04,32,3,,,,,
2013/06/25,05,28,3,,,,,
2013/06/25,06,30,3,,,,,
2013/06/25,07,30,5,,,,,
2013/06/25,08,28,3,,,,,
2013/06/25,09,36,3,,,,,
2013/06/25,10,284,15,,,,,
2013/06/25,11,500,36,,,,,
2013/06/25,12,502,44,,,,,
2013/06/25,13,518,41,,,,,
2013/06/25,14,514,86,,,,,
2013/06/25,15,692,138,,,,,
2013/06/25,16,622,125,,,,,
2013/06/25,17,642,131,,,,,
2013/06/25,18,678,123,,,,,
2013/06/25,19,608,116,,,,,
2013/06/25,20,680,107,,,,,
2013/06/25,21,168,11,,,,,
2013/06/25,22,36,3,,,,,
2013/06/25,23,30,3,,,,,
2013/06/25,24,30,3,,,,,
2013/06/26,01,30,3,,,,,
2013/06/26,02,32,3,,,,,
2013/06/26,03,30,3,,,,,
2013/06/26,04,30,3,,,,,
2013/06/26,05,30,3,,,,,
2013/06/26,06,34,3,,,,,
2013/06/26,07,32,3,,,,,
2013/06/26,08,30,3,,,,,
2013/06/26,09,56,5,,,,,
2013/06/26,10,290,23,,,,,
2013/06/26,11,580,98,,,,,
2013/06/26,12,612,125,,,,,
2013/06/26,13,610,119,,,,,
2013/06/26,14,548,107,,,,,
2013/06/26,15,632,108,,,,,
2013/06/26,16,610,108,,,,,
2013/06/26,17,586,107,,,,,
2013/06/26,18,610,113,,,,,
2013/06/26,19,692,105,,,,,
2013/06/26,20,578,78,,,,,
2013/06/26,21,452,66,,,,,
2013/06/26,22,184,42,,,,,
2013/06/26,23,32,5,,,,,
2013/06/26,24,30,5,,,,,
2013/06/27,01,30,5,,,,,
2013/06/27,02,32,5,,,,,
2013/06/27,03,30,3,,,,,
2013/06/27,04,32,3,,,,,
2013/06/27,05,30,5,,,,,
2013/06/27,06,28,5,,,,,
2013/06/27,07,32,5,,,,,
2013/06/27,08,32,5,,,,,
2013/06/27,09,34,3,,,,,
2013/06/27,10,212,5,,,,,
2013/06/27,11,518,69,,,,,
2013/06/27,12,552,114,,,,,
2013/06/27,13,630,141,,,,,
2013/06/27,14,606,155,,,,,
2013/06/27,15,666,156,,,,,
2013/06/27,16,736,177,,,,,
2013/06/27,17,708,179,,,,,
2013/06/27,18,716,164,,,,,
2013/06/27,19,724,150,,,,,
2013/06/27,20,606,74,,,,,
2013/06/27,21,280,60,,,,,
2013/06/27,22,88,21,,,,,
2013/06/27,23,30,3,,,,,
2013/06/27,24,30,3,,,,,
2013/06/28,01,32,3,,,,,
2013/06/28,02,26,3,,,,,
2013/06/28,03,26,3,,,,,
2013/06/28,04,26,3,,,,,
2013/06/28,05,30,3,,,,,
2013/06/28,06,30,3,,,,,
2013/06/28,07,28,5,,,,,
2013/06/28,08,26,3,,,,,
2013/06/28,09,42,3,,,,,
2013/06/28,10,200,6,,,,,
2013/06/28,11,506,23,,,,,
2013/06/28,12,516,80,,,,,
2013/06/28,13,590,80,,,,,
2013/06/28,14,562,86,,,,,
2013/06/28,15,608,101,,,,,
2013/06/28,16,548,93,,,,,
2013/06/28,17,596,93,,,,,
2013/06/28,18,546,92,,,,,
2013/06/28,19,562,89,,,,,
2013/06/28,20,636,87,,,,,
2013/06/28,21,262,32,,,,,
2013/06/28,22,80,9,,,,,
2013/06/28,23,34,9,,,,,
2013/06/28,24,36,9,,,,,
2013/06/29,01,36,9,,,,,
2013/06/29,02,38,9,,,,,
2013/06/29,03,36,9,,,,,
2013/06/29,04,36,9,,,,,
2013/06/29,05,40,9,,,,,
2013/06/29,06,36,9,,,,,
2013/06/29,07,38,9,,,,,
2013/06/29,08,36,9,,,,,
2013/06/29,09,54,8,,,,,
2013/06/29,10,252,5,,,,,
2013/06/29,11,612,84,,,,,
2013/06/29,12,668,146,,,,,
2013/06/29,13,680,152,,,,,
2013/06/29,14,630,147,,,,,
2013/06/29,15,656,161,,,,,
2013/06/29,16,650,150,,,,,
2013/06/29,17,608,149,,,,,
2013/06/29,18,714,144,,,,,
2013/06/29,19,706,126,,,,,
2013/06/29,20,694,122,,,,,
2013/06/29,21,492,78,,,,,
2013/06/29,22,148,14,,,,,
2013/06/29,23,28,3,,,,,
2013/06/29,24,30,3,,,,,
2013/06/30,01,30,3,,,,,
2013/06/30,02,30,3,,,,,
2013/06/30,03,28,3,,,,,
2013/06/30,04,28,3,,,,,
2013/06/30,05,28,3,,,,,
2013/06/30,06,28,3,,,,,
2013/06/30,07,26,3,,,,,
2013/06/30,08,28,3,,,,,
2013/06/30,09,56,3,,,,,
2013/06/30,10,272,21,,,,,
2013/06/30,11,646,137,,,,,
2013/06/30,12,608,150,,,,,
2013/06/30,13,710,153,,,,,
2013/06/30,14,714,164,,,,,
2013/06/30,15,654,162,,,,,
2013/06/30,16,714,155,,,,,
2013/06/30,17,686,158,,,,,
2013/06/30,18,644,143,,,,,
2013/06/30,19,682,128,,,,,
2013/06/30,20,720,126,,,,,
2013/06/30,21,346,59,,,,,
2013/06/30,22,172,5,,,,,
2013/06/30,23,118,3,,,,,
2013/06/30,24,34,3,,,,,
2013/07/01,01,34,3,,,,,
2013/07/01,02,34,3,,,,,
2013/07/01,03,30,3,,,,,
2013/07/01,04,32,3,,,,,
2013/07/01,05,30,3,,,,,
2013/07/01,06,30,3,,,,,
2013/07/01,07,30,3,,,,,
2013/07/01,08,32,3,,,,,
2013/07/01,09,38,5,,,,,
2013/07/01,10,198,8,,,,,
2013/07/01,11,668,122,,,,,
2013/07/01,12,678,137,,,,,
2013/07/01,13,660,128,,,,,
2013/07/01,14,644,122,,,,,
2013/07/01,15,612,134,,,,,
2013/07/01,16,628,129,,,,,
2013/07/01,17,672,131,,,,,
2013/07/01,18,542,89,,,,,
2013/07/01,19,606,86,,,,,
2013/07/01,20,656,92,,,,,
2013/07/01,21,248,20,,,,,
2013/07/01,22,104,5,,,,,
2013/07/01,23,28,3,,,,,
2013/07/01,24,30,3,,,,,
2013/07/02,01,26,3,,,,,
2013/07/02,02,28,3,,,,,
2013/07/02,03,30,5,,,,,
2013/07/02,04,26,3,,,,,
2013/07/02,05,26,3,,,,,
2013/07/02,06,26,3,,,,,
2013/07/02,07,30,3,,,,,
2013/07/02,08,26,5,,,,,
2013/07/02,09,80,3,,,,,
2013/07/02,10,346,56,,,,,
2013/07/02,11,622,110,,,,,
2013/07/02,12,634,128,,,,,
2013/07/02,13,624,137,,,,,
2013/07/02,14,694,140,,,,,
2013/07/02,15,616,129,,,,,
2013/07/02,16,694,143,,,,,
2013/07/02,17,650,140,,,,,
2013/07/02,18,610,123,,,,,
2013/07/02,19,658,117,,,,,
2013/07/02,20,672,95,,,,,
2013/07/02,21,256,53,,,,,
2013/07/02,22,190,3,,,,,
2013/07/02,23,32,3,,,,,
2013/07/02,24,30,3,,,,,
2013/07/03,01,30,3,,,,,
2013/07/03,02,28,3,,,,,
2013/07/03,03,30,3,,,,,
2013/07/03,04,28,3,,,,,
2013/07/03,05,30,3,,,,,
2013/07/03,06,30,3,,,,,
2013/07/03,07,30,5,,,,,
2013/07/03,08,30,3,,,,,
2013/07/03,09,36,3,,,,,
2013/07/03,10,184,21,,,,,
2013/07/03,11,632,114,,,,,
2013/07/03,12,666,122,,,,,
2013/07/03,13,696,167,,,,,
2013/07/03,14,720,161,,,,,
2013/07/03,15,666,150,,,,,
2013/07/03,16,632,150,,,,,
2013/07/03,17,666,137,,,,,
2013/07/03,18,662,143,,,,,
2013/07/03,19,704,140,,,,,
2013/07/03,20,698,135,,,,,
2013/07/03,21,382,80,,,,,
2013/07/03,22,318,69,,,,,
2013/07/03,23,80,24,,,,,
2013/07/03,24,30,3,,,,,
2013/07/04,01,32,3,,,,,
2013/07/04,02,28,3,,,,,
2013/07/04,03,30,3,,,,,
2013/07/04,04,30,3,,,,,
2013/07/04,05,30,3,,,,,
2013/07/04,06,28,3,,,,,
2013/07/04,07,28,3,,,,,
2013/07/04,08,30,3,,,,,
2013/07/04,09,112,18,,,,,
2013/07/04,10,448,131,,,,,
2013/07/04,11,616,132,,,,,
2013/07/04,12,652,134,,,,,
2013/07/04,13,620,143,,,,,
2013/07/04,14,672,138,,,,,
2013/07/04,15,690,135,,,,,
2013/07/04,16,638,144,,,,,
2013/07/04,17,648,156,,,,,
2013/07/04,18,694,150,,,,,
2013/07/04,19,658,140,,,,,
2013/07/04,20,656,134,,,,,
2013/07/04,21,322,95,,,,,
2013/07/04,22,98,12,,,,,
2013/07/04,23,30,3,,,,,
2013/07/04,24,28,3,,,,,
2013/07/05,01,28,3,,,,,
2013/07/05,02,28,3,,,,,
2013/07/05,03,32,3,,,,,
2013/07/05,04,30,3,,,,,
2013/07/05,05,30,3,,,,,
2013/07/05,06,32,3,,,,,
2013/07/05,07,28,3,,,,,
2013/07/05,08,28,3,,,,,
2013/07/05,09,92,21,,,,,
2013/07/05,10,478,84,,,,,
2013/07/05,11,636,146,,,,,
2013/07/05,12,588,105,,,,,
2013/07/05,13,612,129,,,,,
2013/07/05,14,612,140,,,,,
2013/07/05,15,630,138,,,,,
2013/07/05,16,644,146,,,,,
2013/07/05,17,624,138,,,,,
2013/07/05,18,606,146,,,,,
2013/07/05,19,628,134,,,,,
2013/07/05,20,630,137,,,,,
2013/07/05,21,356,63,,,,,
2013/07/05,22,48,5,,,,,
2013/07/05,23,34,3,,,,,
2013/07/05,24,32,3,,,,,
2013/07/06,01,32,3,,,,,
2013/07/06,02,34,3,,,,,
2013/07/06,03,28,3,,,,,
2013/07/06,04,32,5,,,,,
2013/07/06,05,32,3,,,,,
2013/07/06,06,32,3,,,,,
2013/07/06,07,32,3,,,,,
2013/07/06,08,32,3,,,,,
2013/07/06,09,36,5,,,,,
2013/07/06,10,328,108,,,,,
2013/07/06,11,732,189,,,,,
2013/07/06,12,722,197,,,,,
2013/07/06,13,780,209,,,,,
2013/07/06,14,782,204,,,,,
2013/07/06,15,690,209,,,,,
2013/07/06,16,732,204,,,,,
2013/07/06,17,730,210,,,,,
2013/07/06,18,770,201,,,,,
2013/07/06,19,798,191,,,,,
2013/07/06,20,720,170,,,,,
2013/07/06,21,482,99,,,,,
2013/07/06,22,114,5,,,,,
2013/07/06,23,28,5,,,,,
2013/07/06,24,30,3,,,,,
2013/07/07,01,28,3,,,,,
2013/07/07,02,28,3,,,,,
2013/07/07,03,30,3,,,,,
2013/07/07,04,32,3,,,,,
2013/07/07,05,28,3,,,,,
2013/07/07,06,32,3,,,,,
2013/07/07,07,32,3,,,,,
2013/07/07,08,30,3,,,,,
2013/07/07,09,36,5,,,,,
2013/07/07,10,442,113,,,,,
2013/07/07,11,808,207,,,,,
2013/07/07,12,784,221,,,,,
2013/07/07,13,794,224,,,,,
2013/07/07,14,806,237,,,,,
2013/07/07,15,842,237,,,,,
2013/07/07,16,808,240,,,,,
2013/07/07,17,772,242,,,,,
2013/07/07,18,814,231,,,,,
2013/07/07,19,858,221,,,,,
2013/07/07,20,824,201,,,,,
2013/07/07,21,424,150,,,,,
2013/07/07,22,268,92,,,,,
2013/07/07,23,54,9,,,,,
2013/07/07,24,28,3,,,,,
2013/07/08,01,28,3,,,,,
2013/07/08,02,28,3,,,,,
2013/07/08,03,28,3,,,,,
2013/07/08,04,28,3,,,,,
2013/07/08,05,30,3,,,,,
2013/07/08,06,30,3,,,,,
2013/07/08,07,30,3,,,,,
2013/07/08,08,34,5,,,,,
2013/07/08,09,46,6,,,,,
2013/07/08,10,456,140,,,,,
2013/07/08,11,728,210,,,,,
2013/07/08,12,794,227,,,,,
2013/07/08,13,738,233,,,,,
2013/07/08,14,750,230,,,,,
2013/07/08,15,866,245,,,,,
2013/07/08,16,754,242,,,,,
2013/07/08,17,800,240,,,,,
2013/07/08,18,720,230,,,,,
2013/07/08,19,738,191,,,,,
2013/07/08,20,404,95,,,,,
2013/07/08,21,292,92,,,,,
2013/07/08,22,66,8,,,,,
2013/07/08,23,36,5,,,,,
2013/07/08,24,30,3,,,,,
2013/07/09,01,30,3,,,,,
2013/07/09,02,28,3,,,,,
2013/07/09,03,28,3,,,,,
2013/07/09,04,30,3,,,,,
2013/07/09,05,28,3,,,,,
2013/07/09,06,30,3,,,,,
2013/07/09,07,30,3,,,,,
2013/07/09,08,32,3,,,,,
2013/07/09,09,46,6,,,,,
2013/07/09,10,230,45,,,,,
2013/07/09,11,758,234,,,,,
2013/07/09,12,740,233,,,,,
2013/07/09,13,844,252,,,,,
2013/07/09,14,740,246,,,,,
2013/07/09,15,796,248,,,,,
2013/07/09,16,790,239,,,,,
2013/07/09,17,762,231,,,,,
2013/07/09,18,794,224,,,,,
2013/07/09,19,798,207,,,,,
2013/07/09,20,770,201,,,,,
2013/07/09,21,610,159,,,,,
2013/07/09,22,380,95,,,,,
2013/07/09,23,344,89,,,,,
2013/07/09,24,366,93,,,,,
2013/07/10,01,84,20,,,,,
2013/07/10,02,32,5,,,,,
2013/07/10,03,28,3,,,,,
2013/07/10,04,26,3,,,,,
2013/07/10,05,30,3,,,,,
2013/07/10,06,30,3,,,,,
2013/07/10,07,28,3,,,,,
2013/07/10,08,52,18,,,,,
2013/07/10,09,160,80,,,,,
2013/07/10,10,540,159,,,,,
2013/07/10,11,808,219,,,,,
2013/07/10,12,862,245,,,,,
2013/07/10,13,844,264,,,,,
2013/07/10,14,806,276,,,,,
2013/07/10,15,798,270,,,,,
2013/07/10,16,794,263,,,,,
2013/07/10,17,756,254,,,,,
2013/07/10,18,832,236,,,,,
2013/07/10,19,794,213,,,,,
2013/07/10,20,864,225,,,,,
2013/07/10,21,392,116,,,,,
2013/07/10,22,338,95,,,,,
2013/07/10,23,258,36,,,,,
2013/07/10,24,182,5,,,,,
2013/07/11,01,60,5,,,,,
2013/07/11,02,36,5,,,,,
2013/07/11,03,30,5,,,,,
2013/07/11,04,34,5,,,,,
2013/07/11,05,34,6,,,,,
2013/07/11,06,34,5,,,,,
2013/07/11,07,36,5,,,,,
2013/07/11,08,32,5,,,,,
2013/07/11,09,44,5,,,,,
2013/07/11,10,362,146,,,,,
2013/07/11,11,738,234,,,,,
2013/07/11,12,708,233,,,,,
2013/07/11,13,716,240,,,,,
2013/07/11,14,736,252,,,,,
2013/07/11,15,868,248,,,,,
2013/07/11,16,796,248,,,,,
2013/07/11,17,864,251,,,,,
2013/07/11,18,812,239,,,,,
2013/07/11,19,802,222,,,,,
2013/07/11,20,766,215,,,,,
2013/07/11,21,376,111,,,,,
2013/07/11,22,274,95,,,,,
2013/07/11,23,60,23,,,,,
2013/07/11,24,34,5,,,,,
2013/07/12,01,32,5,,,,,
2013/07/12,02,32,5,,,,,
2013/07/12,03,30,5,,,,,
2013/07/12,04,32,5,,,,,
2013/07/12,05,34,5,,,,,
2013/07/12,06,30,5,,,,,
2013/07/12,07,30,5,,,,,
2013/07/12,08,30,5,,,,,
2013/07/12,09,80,32,,,,,
2013/07/12,10,558,221,,,,,
2013/07/12,11,726,233,,,,,
2013/07/12,12,738,228,,,,,
2013/07/12,13,824,245,,,,,
2013/07/12,14,828,252,,,,,
2013/07/12,15,734,249,,,,,
2013/07/12,16,850,243,,,,,
2013/07/12,17,764,243,,,,,
2013/07/12,18,816,243,,,,,
2013/07/12,19,756,227,,,,,
2013/07/12,20,780,216,,,,,
2013/07/12,21,420,116,,,,,
2013/07/12,22,276,96,,,,,
2013/07/12,23,186,59,,,,,
2013/07/12,24,70,5,,,,,
2013/07/13,01,34,5,,,,,
2013/07/13,02,32,6,,,,,
2013/07/13,03,32,5,,,,,
2013/07/13,04,32,5,,,,,
2013/07/13,05,32,5,,,,,
2013/07/13,06,34,5,,,,,
2013/07/13,07,32,5,,,,,
2013/07/13,08,36,6,,,,,
2013/07/13,09,44,5,,,,,
2013/07/13,10,462,191,,,,,
2013/07/13,11,730,234,,,,,
2013/07/13,12,758,231,,,,,
2013/07/13,13,806,231,,,,,
2013/07/13,14,726,224,,,,,
2013/07/13,15,744,212,,,,,
2013/07/13,16,738,218,,,,,
2013/07/13,17,724,218,,,,,
2013/07/13,18,696,212,,,,,
2013/07/13,19,818,203,,,,,
2013/07/13,20,760,201,,,,,
2013/07/13,21,406,132,,,,,
2013/07/13,22,46,11,,,,,
2013/07/13,23,36,6,,,,,
2013/07/13,24,36,5,,,,,
2013/07/14,01,34,5,,,,,
2013/07/14,02,34,6,,,,,
2013/07/14,03,32,5,,,,,
2013/07/14,04,32,5,,,,,
2013/07/14,05,34,5,,,,,
2013/07/14,06,34,5,,,,,
2013/07/14,07,36,6,,,,,
2013/07/14,08,34,5,,,,,
2013/07/14,09,68,6,,,,,
2013/07/14,10,420,111,,,,,
2013/07/14,11,790,251,,,,,
2013/07/14,12,780,252,,,,,
2013/07/14,13,814,257,,,,,
2013/07/14,14,842,255,,,,,
2013/07/14,15,842,251,,,,,
2013/07/14,16,776,239,,,,,
2013/07/14,17,810,240,,,,,
2013/07/14,18,798,228,,,,,
2013/07/14,19,874,222,,,,,
2013/07/14,20,822,212,,,,,
2013/07/14,21,558,158,,,,,
2013/07/14,22,196,84,,,,,
2013/07/14,23,122,23,,,,,
2013/07/14,24,38,5,,,,,
2013/07/15,01,30,5,,,,,
2013/07/15,02,32,5,,,,,
2013/07/15,03,30,5,,,,,
2013/07/15,04,30,5,,,,,
2013/07/15,05,36,6,,,,,
2013/07/15,06,32,6,,,,,
2013/07/15,07,34,5,,,,,
2013/07/15,08,34,5,,,,,
2013/07/15,09,46,5,,,,,
2013/07/15,10,514,177,,,,,
2013/07/15,11,774,228,,,,,
2013/07/15,12,826,245,,,,,
2013/07/15,13,808,249,,,,,
2013/07/15,14,878,249,,,,,
2013/07/15,15,862,240,,,,,
2013/07/15,16,734,239,,,,,
2013/07/15,17,808,239,,,,,
2013/07/15,18,828,230,,,,,
2013/07/15,19,778,212,,,,,
2013/07/15,20,798,204,,,,,
2013/07/15,21,394,113,,,,,
2013/07/15,22,232,83,,,,,
2013/07/15,23,194,68,,,,,
2013/07/15,24,84,5,,,,,
2013/07/16,01,30,6,,,,,
2013/07/16,02,34,6,,,,,
2013/07/16,03,30,5,,,,,
2013/07/16,04,30,5,,,,,
2013/07/16,05,30,6,,,,,
2013/07/16,06,30,6,,,,,
2013/07/16,07,34,6,,,,,
2013/07/16,08,32,5,,,,,
2013/07/16,09,84,18,,,,,
2013/07/16,10,342,87,,,,,
2013/07/16,11,628,155,,,,,
2013/07/16,12,726,165,,,,,
2013/07/16,13,664,168,,,,,
2013/07/16,14,672,158,,,,,
2013/07/16,15,702,168,,,,,
2013/07/16,16,710,167,,,,,
2013/07/16,17,676,167,,,,,
2013/07/16,18,710,153,,,,,
2013/07/16,19,712,144,,,,,
2013/07/16,20,646,141,,,,,
2013/07/16,21,278,30,,,,,
2013/07/16,22,44,6,,,,,
2013/07/16,23,32,6,,,,,
2013/07/16,24,32,6,,,,,
2013/07/17,01,32,5,,,,,
2013/07/17,02,32,6,,,,,
2013/07/17,03,32,6,,,,,
2013/07/17,04,38,5,,,,,
2013/07/17,05,36,6,,,,,
2013/07/17,06,30,5,,,,,
2013/07/17,07,30,6,,,,,
2013/07/17,08,36,6,,,,,
2013/07/17,09,120,30,,,,,
2013/07/17,10,442,114,,,,,
2013/07/17,11,698,156,,,,,
2013/07/17,12,682,213,,,,,
2013/07/17,13,688,209,,,,,
2013/07/17,14,678,207,,,,,
2013/07/17,15,782,209,,,,,
2013/07/17,16,696,204,,,,,
2013/07/17,17,748,183,,,,,
2013/07/17,18,640,179,,,,,
2013/07/17,19,682,176,,,,,
2013/07/17,20,754,170,,,,,
2013/07/17,21,312,101,,,,,
2013/07/17,22,138,6,,,,,
2013/07/17,23,110,6,,,,,
2013/07/17,24,30,5,,,,,
2013/07/18,01,34,6,,,,,
2013/07/18,02,32,6,,,,,
2013/07/18,03,32,6,,,,,
2013/07/18,04,34,6,,,,,
2013/07/18,05,34,5,,,,,
2013/07/18,06,34,6,,,,,
2013/07/18,07,32,6,,,,,
2013/07/18,08,32,6,,,,,
2013/07/18,09,38,6,,,,,
2013/07/18,10,266,59,,,,,
2013/07/18,11,684,201,,,,,
2013/07/18,12,788,206,,,,,
2013/07/18,13,704,222,,,,,
2013/07/18,14,730,230,,,,,
2013/07/18,15,838,231,,,,,
2013/07/18,16,818,233,,,,,
2013/07/18,17,754,233,,,,,
2013/07/18,18,756,228,,,,,
2013/07/18,19,828,213,,,,,
2013/07/18,20,842,206,,,,,
2013/07/18,21,534,158,,,,,
2013/07/18,22,86,27,,,,,
2013/07/18,23,36,8,,,,,
2013/07/18,24,36,8,,,,,
2013/07/19,01,36,6,,,,,
2013/07/19,02,34,8,,,,,
2013/07/19,03,34,6,,,,,
2013/07/19,04,34,6,,,,,
2013/07/19,05,32,6,,,,,
2013/07/19,06,36,6,,,,,
2013/07/19,07,36,6,,,,,
2013/07/19,08,34,8,,,,,
2013/07/19,09,58,6,,,,,
2013/07/19,10,400,74,,,,,
2013/07/19,11,608,126,,,,,
2013/07/19,12,678,143,,,,,
2013/07/19,13,628,156,,,,,
2013/07/19,14,648,150,,,,,
2013/07/19,15,652,159,,,,,
2013/07/19,16,782,164,,,,,
2013/07/19,17,734,173,,,,,
2013/07/19,18,702,170,,,,,
2013/07/19,19,742,144,,,,,
2013/07/19,20,720,147,,,,,
2013/07/19,21,250,32,,,,,
2013/07/19,22,184,30,,,,,
2013/07/19,23,242,77,,,,,
2013/07/19,24,196,57,,,,,
2013/07/20,01,30,6,,,,,
2013/07/20,02,30,6,,,,,
2013/07/20,03,30,6,,,,,
2013/07/20,04,30,6,,,,,
2013/07/20,05,32,6,,,,,
2013/07/20,06,32,6,,,,,
2013/07/20,07,34,6,,,,,
2013/07/20,08,34,6,,,,,
2013/07/20,09,54,14,,,,,
2013/07/20,10,344,92,,,,,
2013/07/20,11,794,170,,,,,
2013/07/20,12,786,168,,,,,
2013/07/20,13,684,168,,,,,
2013/07/20,14,718,183,,,,,
2013/07/20,15,732,182,,,,,
2013/07/20,16,716,177,,,,,
2013/07/20,17,780,186,,,,,
2013/07/20,18,726,185,,,,,
2013/07/20,19,720,171,,,,,
2013/07/20,20,762,161,,,,,
2013/07/20,21,462,107,,,,,
2013/07/20,22,92,23,,,,,
2013/07/20,23,34,6,,,,,
2013/07/20,24,34,5,,,,,
2013/07/21,01,32,6,,,,,
2013/07/21,02,30,6,,,,,
2013/07/21,03,34,6,,,,,
2013/07/21,04,30,6,,,,,
2013/07/21,05,32,6,,,,,
2013/07/21,06,32,6,,,,,
2013/07/21,07,30,5,,,,,
2013/07/21,08,32,6,,,,,
2013/07/21,09,58,6,,,,,
2013/07/21,10,406,120,,,,,
2013/07/21,11,738,150,,,,,
2013/07/21,12,804,165,,,,,
2013/07/21,13,808,173,,,,,
2013/07/21,14,768,182,,,,,
2013/07/21,15,704,180,,,,,
2013/07/21,16,810,180,,,,,
2013/07/21,17,752,185,,,,,
2013/07/21,18,764,188,,,,,
2013/07/21,19,754,179,,,,,
2013/07/21,20,790,164,,,,,
2013/07/21,21,446,50,,,,,
2013/07/21,22,168,6,,,,,
2013/07/21,23,32,6,,,,,
2013/07/21,24,36,6,,,,,
2013/07/22,01,36,6,,,,,
2013/07/22,02,34,6,,,,,
2013/07/22,03,34,6,,,,,
2013/07/22,04,36,6,,,,,
2013/07/22,05,36,6,,,,,
2013/07/22,06,32,6,,,,,
2013/07/22,07,30,6,,,,,
2013/07/22,08,30,6,,,,,
2013/07/22,09,54,6,,,,,
2013/07/22,10,378,107,,,,,
2013/07/22,11,724,149,,,,,
2013/07/22,12,658,150,,,,,
2013/07/22,13,780,158,,,,,
2013/07/22,14,750,159,,,,,
2013/07/22,15,782,176,,,,,
2013/07/22,16,740,189,,,,,
2013/07/22,17,752,185,,,,,
2013/07/22,18,702,176,,,,,
2013/07/22,19,804,171,,,,,
2013/07/22,20,740,161,,,,,
2013/07/22,21,314,81,,,,,
2013/07/22,22,34,6,,,,,
2013/07/22,23,30,6,,,,,
2013/07/22,24,30,6,,,,,
2013/07/23,01,32,6,,,,,
2013/07/23,02,34,6,,,,,
2013/07/23,03,30,6,,,,,
2013/07/23,04,32,6,,,,,
2013/07/23,05,32,6,,,,,
2013/07/23,06,32,6,,,,,
2013/07/23,07,36,6,,,,,
2013/07/23,08,32,6,,,,,
2013/07/23,09,80,23,,,,,
2013/07/23,10,586,155,,,,,
2013/07/23,11,832,189,,,,,
2013/07/23,12,776,195,,,,,
2013/07/23,13,746,189,,,,,
2013/07/23,14,766,198,,,,,
2013/07/23,15,752,195,,,,,
2013/07/23,16,844,201,,,,,
2013/07/23,17,786,188,,,,,
2013/07/23,18,788,170,,,,,
2013/07/23,19,830,167,,,,,
2013/07/23,20,766,143,,,,,
2013/07/23,21,274,35,,,,,
2013/07/23,22,38,6,,,,,
2013/07/23,23,34,6,,,,,
2013/07/23,24,34,6,,,,,
2013/07/24,01,30,6,,,,,
2013/07/24,02,32,6,,,,,
2013/07/24,03,32,6,,,,,
2013/07/24,04,36,6,,,,,
2013/07/24,05,36,6,,,,,
2013/07/24,06,36,6,,,,,
2013/07/24,07,36,6,,,,,
2013/07/24,08,32,6,,,,,
2013/07/24,09,78,29,,,,,
2013/07/24,10,430,158,,,,,
2013/07/24,11,736,183,,,,,
2013/07/24,12,770,179,,,,,
2013/07/24,13,794,179,,,,,
2013/07/24,14,744,177,,,,,
2013/07/24,15,700,165,,,,,
2013/07/24,16,774,167,,,,,
2013/07/24,17,790,174,,,,,
2013/07/24,18,710,164,,,,,
2013/07/24,19,798,170,,,,,
2013/07/24,20,742,158,,,,,
2013/07/24,21,286,38,,,,,
2013/07/24,22,160,6,,,,,
2013/07/24,23,114,6,,,,,
2013/07/24,24,32,6,,,,,
2013/07/25,01,30,6,,,,,
2013/07/25,02,34,6,,,,,
2013/07/25,03,32,6,,,,,
2013/07/25,04,34,6,,,,,
2013/07/25,05,36,6,,,,,
2013/07/25,06,32,6,,,,,
2013/07/25,07,32,6,,,,,
2013/07/25,08,30,6,,,,,
2013/07/25,09,50,6,,,,,
2013/07/25,10,398,77,,,,,
2013/07/25,11,780,174,,,,,
2013/07/25,12,700,170,,,,,
2013/07/25,13,736,177,,,,,
2013/07/25,14,836,188,,,,,
2013/07/25,15,724,177,,,,,
2013/07/25,16,696,182,,,,,
2013/07/25,17,760,185,,,,,
2013/07/25,18,810,179,,,,,
2013/07/25,19,768,134,,,,,
2013/07/25,20,742,143,,,,,
2013/07/25,21,430,117,,,,,
2013/07/25,22,60,20,,,,,
2013/07/25,23,38,6,,,,,
2013/07/25,24,32,6,,,,,
2013/07/26,01,32,6,,,,,
2013/07/26,02,32,6,,,,,
2013/07/26,03,34,6,,,,,
2013/07/26,04,32,6,,,,,
2013/07/26,05,34,6,,,,,
2013/07/26,06,32,6,,,,,
2013/07/26,07,36,6,,,,,
2013/07/26,08,36,6,,,,,
2013/07/26,09,44,6,,,,,
2013/07/26,10,392,98,,,,,
2013/07/26,11,684,155,,,,,
2013/07/26,12,746,158,,,,,
2013/07/26,13,744,170,,,,,
2013/07/26,14,692,180,,,,,
2013/07/26,15,820,201,,,,,
2013/07/26,16,824,191,,,,,
2013/07/26,17,854,206,,,,,
2013/07/26,18,790,200,,,,,
2013/07/26,19,738,189,,,,,
2013/07/26,20,772,191,,,,,
2013/07/26,21,384,119,,,,,
2013/07/26,22,254,93,,,,,
2013/07/26,23,62,29,,,,,
2013/07/26,24,34,6,,,,,
2013/07/27,01,34,6,,,,,
2013/07/27,02,36,6,,,,,
2013/07/27,03,36,6,,,,,
2013/07/27,04,32,6,,,,,
2013/07/27,05,36,6,,,,,
2013/07/27,06,36,6,,,,,
2013/07/27,07,34,6,,,,,
2013/07/27,08,38,6,,,,,
2013/07/27,09,72,6,,,,,
2013/07/27,10,454,146,,,,,
2013/07/27,11,730,195,,,,,
2013/07/27,12,830,213,,,,,
2013/07/27,13,808,222,,,,,
2013/07/27,14,832,224,,,,,
2013/07/27,15,910,233,,,,,
2013/07/27,16,904,225,,,,,
2013/07/27,17,870,222,,,,,
2013/07/27,18,774,215,,,,,
2013/07/27,19,834,209,,,,,
2013/07/27,20,774,203,,,,,
2013/07/27,21,366,117,,,,,
2013/07/27,22,38,6,,,,,
2013/07/27,23,34,6,,,,,
2013/07/27,24,36,6,,,,,
2013/07/28,01,34,6,,,,,
2013/07/28,02,36,6,,,,,
2013/07/28,03,32,6,,,,,
2013/07/28,04,34,6,,,,,
2013/07/28,05,34,6,,,,,
2013/07/28,06,32,6,,,,,
2013/07/28,07,34,6,,,,,
2013/07/28,08,34,6,,,,,
2013/07/28,09,44,6,,,,,
2013/07/28,10,506,138,,,,,
2013/07/28,11,782,191,,,,,
2013/07/28,12,822,200,,,,,
2013/07/28,13,798,207,,,,,
2013/07/28,14,836,210,,,,,
2013/07/28,15,742,209,,,,,
2013/07/28,16,898,215,,,,,
2013/07/28,17,890,213,,,,,
2013/07/28,18,862,207,,,,,
2013/07/28,19,896,203,,,,,
2013/07/28,20,728,186,,,,,
2013/07/28,21,508,83,,,,,
2013/07/28,22,262,6,,,,,
2013/07/28,23,58,6,,,,,
2013/07/28,24,38,6,,,,,
2013/07/29,01,36,6,,,,,
2013/07/29,02,36,6,,,,,
2013/07/29,03,32,6,,,,,
2013/07/29,04,34,6,,,,,
2013/07/29,05,30,6,,,,,
2013/07/29,06,30,6,,,,,
2013/07/29,07,32,6,,,,,
2013/07/29,08,30,6,,,,,
2013/07/29,09,66,20,,,,,
2013/07/29,10,410,83,,,,,
2013/07/29,11,828,183,,,,,
2013/07/29,12,674,167,,,,,
2013/07/29,13,702,170,,,,,
2013/07/29,14,752,180,,,,,
2013/07/29,15,776,188,,,,,
2013/07/29,16,754,185,,,,,
2013/07/29,17,790,182,,,,,
2013/07/29,18,744,183,,,,,
2013/07/29,19,782,180,,,,,
2013/07/29,20,858,179,,,,,
2013/07/29,21,502,120,,,,,
2013/07/29,22,298,81,,,,,
2013/07/29,23,250,77,,,,,
2013/07/29,24,192,71,,,,,
2013/07/30,01,64,23,,,,,
2013/07/30,02,36,6,,,,,
2013/07/30,03,32,6,,,,,
2013/07/30,04,34,6,,,,,
2013/07/30,05,34,6,,,,,
2013/07/30,06,36,6,,,,,
2013/07/30,07,32,6,,,,,
2013/07/30,08,46,14,,,,,
2013/07/30,09,188,81,,,,,
2013/07/30,10,420,92,,,,,
2013/07/30,11,846,201,,,,,
2013/07/30,12,838,194,,,,,
2013/07/30,13,908,230,,,,,
2013/07/30,14,894,233,,,,,
2013/07/30,15,866,233,,,,,
2013/07/30,16,780,233,,,,,
2013/07/30,17,802,230,,,,,
2013/07/30,18,818,221,,,,,
2013/07/30,19,840,212,,,,,
2013/07/30,20,838,207,,,,,
2013/07/30,21,326,68,,,,,
2013/07/30,22,52,6,,,,,
2013/07/30,23,32,6,,,,,
2013/07/30,24,34,6,,,,,
2013/07/31,01,36,6,,,,,
2013/07/31,02,32,6,,,,,
2013/07/31,03,34,6,,,,,
2013/07/31,04,36,6,,,,,
2013/07/31,05,36,6,,,,,
2013/07/31,06,36,6,,,,,
2013/07/31,07,36,6,,,,,
2013/07/31,08,32,6,,,,,
2013/07/31,09,78,6,,,,,
2013/07/31,10,432,90,,,,,
2013/07/31,11,756,183,,,,,
2013/07/31,12,688,170,,,,,
2013/07/31,13,752,146,,,,,
2013/07/31,14,804,168,,,,,
2013/07/31,15,704,173,,,,,
2013/07/31,16,770,174,,,,,
2013/07/31,17,716,174,,,,,
2013/07/31,18,804,171,,,,,
2013/07/31,19,792,167,,,,,
2013/07/31,20,766,162,,,,,
2013/07/31,21,532,131,,,,,
2013/07/31,22,356,41,,,,,
2013/07/31,23,262,69,,,,,
2013/07/31,24,162,77,,,,,
